00000
00133
00211
00344
00422
01024
01102
01230
01313
01441
02043
02121
02204
02332
02410
03012
03140
03223
03301
03434
04031
04114
04242
04320
04403
10013
10141
10224
10302
10430
11032
11110
11243
11321
11404
12001
12134
12212
12340
12423
13020
13103
13231
13314
13442
14044
14122
14200
14333
14411
20021
20104
20232
20310
20443
21040
21123
21201
21334
21412
22014
22142
22220
22303
22431
23033
23111
23244
23322
23400
24002
24130
24213
24341
24424
30034
30112
30240
30323
30401
31003
31131
31214
31342
31420
32022
32100
32233
32311
32444
33041
33124
33202
33330
33413
34010
34143
34221
34304
34432
40042
40120
40203
40331
40414
41011
41144
41222
41300
41433
42030
42113
42241
42324
42402
43004
43132
43210
43343
43421
44023
44101
44234
44312
44440
55555
55688
55766
55899
55977
56579
56657
56785
56868
56996
57598
57676
57759
57887
57965
58567
58695
58778
58856
58989
59586
59669
59797
59875
59958
65568
65696
65779
65857
65985
66587
66665
66798
66876
66959
67556
67689
67767
67895
67978
68575
68658
68786
68869
68997
69599
69677
69755
69888
69966
75576
75659
75787
75865
75998
76595
76678
76756
76889
76967
77569
77697
77775
77858
77986
78588
78666
78799
78877
78955
79557
79685
79768
79896
79979
85589
85667
85795
85878
85956
86558
86686
86769
86897
86975
87577
87655
87788
87866
87999
88596
88679
88757
88885
88968
89565
89698
89776
89859
89987
95597
95675
95758
95886
95969
96566
96699
96777
96855
96988
97585
97668
97796
97879
97957
98559
98687
98765
98898
98976
99578
99656
99789
99867
99995
