0000000000000
0000000011011
0000001100100
0000001111111
0001010001101
0001011110010
0010110101110
0010111010001
0011100001110
0011101110001
0100110000011
0100111111100
0101100100011
0101101011100
0110000110101
0110000111000
0110001000111
0110001001010
0111010010110
0111010011011
0111011100100
0111011101001
1000100010110
1000101101001
1001110110101
1001110111000
1001111000111
1001111001010
1010010100011
1010011011100
1011000000011
1011001111100
1100010001110
1100011110001
1101000101110
1101001010001
1110100001101
1110100011011
1110101100100
1110101110010
1111110000000
1111111111111
