0000000000000
0000000011001
0000000011101
0000000101111
0000000110010
0000000111010
0000001010011
0000001011110
0000001100100
0000001100101
0000001110100
0000001110101
0000010000101
0000010100110
0000010110001
0000010111100
0000011001000
0000011001001
0000011001010
0000011001011
0000011101000
0000011101001
0000011101010
0000011101011
0000100001010
0000100011001
0000100011101
0000100110111
0000101000001
0000101001100
0000101100010
0000101111000
0000110001111
0000110010000
0000110010010
0000110010100
0000110010110
0000110111011
0000111010000
0000111010010
0000111010100
0000111010110
0000111100111
0000111111101
0001000001011
0001000010100
0001000110010
0001000111010
0001001001101
0001001100011
0001001101110
0001001111001
0001010000010
0001010010111
0001010011000
0001010011111
0001010110111
0001010111111
0001011000100
0001011010111
0001011011111
0001011110000
0001011110111
0001011111111
0001100010011
0001100011110
0001100100000
0001100100001
0001100100100
0001100100101
0001100101000
0001100101001
0001100101100
0001100101101
0001101010101
0001101110110
0001110100000
0001110100001
0001110100100
0001110100101
0001110101000
0001110101001
0001110101100
0001110101101
0001111000011
0001111001110
0001111011001
0001111111010
0010000000011
0010000010110
0010000011001
0010000011101
0010000100011
0010000101000
0010001001111
0010001100100
0010001100101
0010001110100
0010001110101
0010001111011
0010010000011
0010010011010
0010010100011
0010010101101
0010011000110
0010011010001
0010011011100
0010011110010
0010100000011
0010100000100
0010100011001
0010100011101
0010100100011
0010100101110
0010100110000
0010100111110
0010101010111
0010101101001
0010101101110
0010101111110
0010110000011
0010110001000
0010110100011
0010110101110
0010110110101
0010110111110
0010111000101
0010111001101
0010111011011
0010111100000
0010111101110
0010111111110
0011000000101
0011000100110
0011000110001
0011000111100
0011001000000
0011001000010
0011001001000
0011001001010
0011001010000
0011001010010
0011001011000
0011001011010
0011010001001
0011010010111
0011010011111
0011010101010
0011010110111
0011010111111
0011011010111
0011011011111
0011011100001
0011011101100
0011011110111
0011011111111
0011100001111
0011100111011
0011101000000
0011101000010
0011101001000
0011101001010
0011101010000
0011101010010
0011101011000
0011101011010
0011101100111
0011101111101
0011110000110
0011110010001
0011110011100
0011110110010
0011111000101
0011111001101
0011111101011
0011111110100
0100000000110
0100000000111
0100000011001
0100000011101
0100000100001
0100000101100
0100000110010
0100000111010
0100001000110
0100001000111
0100001010000
0100001111111
0100010010011
0100010011110
0100011001000
0100011001001
0100011001010
0100011001011
0100011010101
0100011101000
0100011101001
0100011101010
0100011101011
0100011110110
0100100000110
0100100000111
0100100011001
0100100011101
0100100101011
0100100110100
0100101000110
0100101000111
0100101011010
0100101101101
0100101110001
0100101110011
0100110000001
0100110001100
0100110100010
0100110111000
0100111011111
0100111100100
0100111110001
0100111110011
0101000000110
0101000000111
0101000001000
0101000110010
0101000110101
0101000111010
0101001000110
0101001000111
0101001011011
0101001011100
0101001100000
0101001111100
0101010001101
0101010100011
0101010101110
0101010111001
0101011010010
0101011011100
0101011100101
0101011111100
0101100000110
0101100000111
0101100010000
0101100111111
0101101000110
0101101000111
0101101001001
0101101011100
0101101101010
0101101110001
0101101110011
0101101111100
0101110001010
0101110001011
0101110010101
0101110011010
0101110011011
0101110110110
0101111000000
0101111011100
0101111101111
0101111110001
0101111110011
0101111111100
0110000001010
0110000011001
0110000011101
0110000110111
0110001000001
0110001001100
0110001100010
0110001111000
0110010000000
0110010000100
0110010001111
0110010010000
0110010010100
0110010100000
0110010100100
0110010110000
0110010110100
0110010111011
0110011100111
0110011111101
0110100010010
0110100011001
0110100011101
0110100100101
0110100101110
0110100111110
0110101001011
0110101010100
0110101101110
0110101110001
0110101110011
0110101111110
0110110010111
0110110101001
0110110101110
0110110111110
0110111000010
0110111000101
0110111001101
0110111011000
0110111101110
0110111110001
0110111110011
0110111111110
0111000010011
0111000011110
0111000101001
0111000101011
0111000101101
0111000101111
0111001010101
0111001101001
0111001101011
0111001101101
0111001101111
0111001110110
0111010000000
0111010000100
0111010010000
0111010010100
0111010100000
0111010100100
0111010110000
0111010110100
0111011000011
0111011001110
0111011011001
0111011111010
0111100000001
0111100001100
0111100100010
0111100111000
0111101011111
0111101100100
0111101110001
0111101110011
0111110001010
0111110001011
0111110011010
0111110011011
0111110100111
0111110111101
0111111000101
0111111001101
0111111010110
0111111101000
0111111110001
0111111110011
1000000001100
1000000001110
1000000010111
1000000101001
1000000110010
1000000111010
1000001000010
1000001011000
1000001100100
1000001100101
1000001110100
1000001110101
1000010001100
1000010001110
1000010011011
1000010100000
1000011000111
1000011011101
1000011110011
1000011111110
1000100000101
1000100100110
1000100110001
1000100111100
1000101001011
1000101001111
1000101011011
1000101011111
1000101101011
1000101101111
1000101111011
1000101111111
1000110001001
1000110010000
1000110010010
1000110010100
1000110010110
1000110101010
1000111010000
1000111010010
1000111010100
1000111010110
1000111100001
1000111101100
1001000000001
1001000001100
1001000001110
1001000010001
1001000100111
1001000110010
1001000111010
1001000111101
1001001000001
1001001010001
1001001010110
1001001101000
1001010000001
1001010001100
1001010001110
1001010010001
1001010101011
1001010110100
1001011000001
1001011010001
1001011011010
1001011100010
1001011100110
1001011101101
1001100000010
1001100011000
1001101000100
1001101001011
1001101001111
1001101011011
1001101011111
1001101101011
1001101101111
1001101110000
1001101111011
1001101111111
1001110000111
1001110011101
1001110110011
1001110111110
1001111001000
1001111100010
1001111100110
1001111110101
1010000000011
1010000001100
1010000001110
1010000010000
1010000100011
1010000111111
1010001001001
1010001100100
1010001100101
1010001101010
1010001110100
1010001110101
1010010000011
1010010001100
1010010001110
1010010010101
1010010100011
1010010110110
1010010111000
1010010111001
1010011000000
1010011101111
1010011111000
1010011111001
1010100000011
1010100011010
1010100100011
1010100101101
1010101000110
1010101010001
1010101011100
1010101110010
1010110000011
1010110011111
1010110100011
1010110100100
1010110111000
1010110111001
1010111000101
1010111001010
1010111001101
1010111110111
1010111111000
1010111111001
1011000001100
1011000001110
1011000011011
1011000100000
1011001000111
1011001011101
1011001110011
1011001111110
1011010001100
1011010001110
1011010010010
1011010100101
1011010111000
1011010111001
1011011001011
1011011010100
1011011100010
1011011100110
1011011111000
1011011111001
1011100001001
1011100010100
1011100010101
1011100010110
1011100010111
1011100101010
1011100110100
1011100110101
1011100110110
1011100110111
1011101100001
1011101101100
1011110000000
1011110101111
1011110111000
1011110111001
1011111000101
1011111001101
1011111010011
1011111011110
1011111100010
1011111100110
1011111111000
1011111111001
1100000001011
1100000010100
1100000110010
1100000111010
1100001001101
1100001100011
1100001101110
1100001111001
1100010000010
1100010011000
1100010100101
1100010100111
1100010101101
1100010101111
1100010110101
1100010110111
1100010111101
1100010111111
1100011000100
1100011110000
1100100000000
1100100001000
1100100010011
1100100011110
1100100100000
1100100101000
1100101000000
1100101001000
1100101010101
1100101100000
1100101101000
1100101110110
1100110100101
1100110100111
1100110101101
1100110101111
1100110110101
1100110110111
1100110111101
1100110111111
1100111000011
1100111001110
1100111011001
1100111111010
1101000000001
1101000010001
1101000011111
1101000100100
1101000110010
1101000111010
1101001000001
1101001001010
1101001010001
1101001011100
1101001110111
1101001111100
1101010000001
1101010010001
1101010010110
1101010101000
1101011000001
1101011001111
1101011010001
1101011011100
1101011100010
1101011100110
1101011111011
1101011111100
1101100001101
1101100100011
1101100101110
1101100111001
1101101010010
1101101011100
1101101100101
1101101111100
1101110000100
1101110001010
1101110001011
1101110011010
1101110011011
1101110110000
1101111010111
1101111011100
1101111100010
1101111100110
1101111101001
1101111111100
1110000000101
1110000100110
1110000110001
1110000111100
1110001010010
1110001010011
1110001010110
1110001010111
1110001011010
1110001011011
1110001011110
1110001011111
1110010001001
1110010101010
1110011010010
1110011010011
1110011010110
1110011010111
1110011011010
1110011011011
1110011011110
1110011011111
1110011100001
1110011101100
1110100000000
1110100001000
1110100001111
1110100100000
1110100101000
1110100111011
1110101000000
1110101001000
1110101100000
1110101100111
1110101101000
1110101111101
1110110000110
1110110010001
1110110011100
1110110110010
1110111000101
1110111001101
1110111101011
1110111110100
1111000000010
1111000011000
1111000101001
1111000101011
1111000101101
1111000101111
1111001000100
1111001101001
1111001101011
1111001101101
1111001101111
1111001110000
1111010000111
1111010011101
1111010110011
1111010111110
1111011001000
1111011100010
1111011100110
1111011110101
1111100010100
1111100010101
1111100010110
1111100010111
1111100110100
1111100110101
1111100110110
1111100110111
1111101000011
1111101001110
1111101011001
1111101111010
1111110001010
1111110001011
1111110011010
1111110011011
1111110100001
1111110101100
1111111000101
1111111001101
1111111010000
1111111100010
1111111100110
1111111111111
