00000000000000000
00000000010100101
00000001110111101
00000010000100001
00000011100011000
00000100001100001
00000101101111001
00000101111011100
00000110011000100
00000111111111101
00001000001100110
00001001101011111
00001010001000111
00001010011100010
00001011111111010
00001100010000011
00001101110111010
00001110000100110
00001111100111110
00001111110011011
00010000100101011
00010001000010010
00010010100001010
00010010110101111
00010011010110111
00010100111001110
00010101011110111
00010110101101011
00010111001110011
00010111011010110
00011000101001101
00011000111101000
00011001011110000
00011010101101100
00011011001010101
00011100100101100
00011101000110100
00011101010010001
00011110110001001
00011111010110000
00100000011000011
00100001101111110
00100001111011011
00100010001100110
00100011101011111
00100100000000111
00100100010100010
00100101100011111
00100110010000011
00100111110111010
00101000000100001
00101001100011000
00101010010000100
00101011100111001
00101011110011100
00101100011000100
00101101111111101
00101110001000000
00101110011100101
00101111101011000
00110000101101100
00110001001010101
00110010111001001
00110011001110100
00110011011010001
00110100110001001
00110101010110000
00110110100001101
00110110110101000
00110111000010101
00111000110001110
00111001000110011
00111001010010110
00111010100101011
00111011000010010
00111100101001010
00111100111101111
00111101001010010
00111110111001110
00111111011110111
01000000010011110
01000001110100111
01000010000111011
01000011100100011
01000011110000110
01000100001111011
01000101101000010
01000110001011010
01000110011111111
01000111111100111
01001000001111100
01001001101100100
01001001111000001
01001010011011001
01001011111100000
01001100000011101
01001100010111000
01001101110100000
01001110000111100
01001111100000101
01010000100110001
01010001000101001
01010001010001100
01010010110010100
01010011010101101
01010100101010000
01010100111110101
01010101011101101
01010110101110001
01010111001001000
01011000111010011
01011001011101010
01011010101110110
01011011001101110
01011011011001011
01011100100110110
01011101000001111
01011110100010111
01011110110110010
01011111010101010
01100000011011001
01100001111100000
01100010001011101
01100010011111000
01100011101000101
01100100000111100
01100101100000101
01100110010011001
01100111100100100
01100111110000001
01101000000011010
01101000010111111
01101001100000010
01101010010011110
01101011110100111
01101100011011110
01101101101100011
01101101111000110
01101110001111011
01101111101000010
01110000101010111
01110000111110010
01110001001001111
01110010111010011
01110011011101010
01110100110010011
01110101000101110
01110101010001011
01110110100110110
01110111000001111
01111000110010100
01111001010101101
01111010100010000
01111010110110101
01111011000001000
01111100101110001
01111101001001000
01111110111010100
01111111001101001
01111111011001100
10000000100010010
10000000110110111
10000001000001010
10000010110010110
10000011010101111
10000100111010110
10000101001101011
10000101011001110
10000110101110011
10000111001001010
10001000111010001
10001001011101000
10001010101010101
10001010111110000
10001011001001101
10001100100110100
10001101000001101
10001110110010001
10001111000101100
10001111010001001
10010000010011100
10010001110100101
10010010000011000
10010010010111101
10010011100000000
10010100001111001
10010101101000000
10010110011011100
10010111101100001
10010111111000100
10011000001011111
10011000011111010
10011001101000111
10011010011011011
10011011111100010
10011100010011011
10011101100100110
10011101110000011
10011110000111110
10011111100000111
10100000101110100
10100001001101100
10100001011001001
10100010111010001
10100011011101000
10100100100010101
10100100110110000
10100101010101000
10100110100110100
10100111000001101
10101000110010110
10101001010101111
10101010100110011
10101011000101011
10101011010001110
10101100101110011
10101101001001010
10101110101010010
10101110111110111
10101111011101111
10110000011011011
10110001111100010
10110010001111110
10110011101100110
10110011111000011
10110100000111110
10110101100000111
10110110000011111
10110110010111010
10110111110100010
10111000000111001
10111001100100001
10111001110000100
10111010010011100
10111011110100101
10111100001011000
10111100011111101
10111101111100101
10111110001111001
10111111101000000
11000000100101001
11000001000010000
11000010110001100
11000011000110001
11000011010010100
11000100111001100
11000101011110101
11000110101001000
11000110111101101
11000111001010000
11001000111001011
11001001001110110
11001001011010011
11001010101101110
11001011001010111
11001100100001111
11001100110101010
11001101000010111
11001110110001011
11001111010110010
11010000010000110
11010001100111011
11010001110011110
11010010000100011
11010011100011010
11010100001000010
11010100011100111
11010101101011010
11010110011000110
11010111111111111
11011000001100100
11011001101011101
11011010011000001
11011011101111100
11011011111011001
11011100010000001
11011101110111000
11011110000000101
11011110010100000
11011111100011101
11100000101101110
11100001001010111
11100010101001111
11100010111101010
11100011011110010
11100100110001011
11100101010110010
11100110100101110
11100111000110110
11100111010010011
11101000100001000
11101000110101101
11101001010110101
11101010100101001
11101011000010000
11101100101101001
11101101001110001
11101101011010100
11101110111001100
11101111011110101
11110000001000101
11110000011100000
11110001111111000
11110010001100100
11110011101011101
11110100000100100
11110101100111100
11110101110011001
11110110010000001
11110111110111000
11111000000100011
11111001100011010
11111010000000010
11111010010100111
11111011110111111
11111100011000110
11111101111111111
11111110001100011
11111111101111011
11111111111011110
