000000000011011
000000001100010
000000001110010
000000010000111
000000010101000
000000011011001
000000100011100
000000101100101
000000101110101
000000110000000
000000110101111
000000111011110
000001000000011
000001000111111
000001001001100
000001010110011
000001011010001
000001011101100
000001100000100
000001100111000
000001101001011
000001110110100
000001111010110
000001111101011
000010000010100
000010000101001
000010001001000
000010010110100
000010011000111
000010011111000
000010100010011
000010100101110
000010101001111
000010110110011
000010111000000
000010111111111
000011000100001
000011001010000
000011001111111
000011010001010
000011010011010
000011011100011
000011100100110
000011101010111
000011101111000
000011110001101
000011110011101
000011111100100
001100000011000
001100000100100
001100001010111
001100010101011
001100011001010
001100011110111
001100100011111
001100100100011
001100101010000
001100110101100
001100111001101
001100111110000
001101000000000
001101001101001
001101001111001
001101010011100
001101010110000
001101011000010
001101100000111
001101101101110
001101101111110
001101110011011
001101110110111
001101111000101
001110000111010
001110001001011
001110001100100
001110010000001
001110010010001
001110011111011
001110100111101
001110101001100
001110101100011
001110110000110
001110110010110
001110111111100
001111000001111
001111000110010
001111001010011
001111010101111
001111011011100
001111011100000
001111100001000
001111100110101
001111101010100
001111110101000
001111111011011
001111111100111
010100000001110
010100001000001
010100001111100
010100010010010
010100010111110
010100011100001
010100100001001
010100101000110
010100101111011
010100110010101
010100110111001
010100111100110
010101000010110
010101000101010
010101001110100
010101010100101
010101011001111
010101011011111
010101100010001
010101100101101
010101101110011
010101110100010
010101111001000
010101111011000
010110000100111
010110000110111
010110001011101
010110010001100
010110011010010
010110011101110
010110100100000
010110100110000
010110101011010
010110110001011
010110111010101
010110111101001
010111000011001
010111001000110
010111001101010
010111010000100
010111010111001
010111011110110
010111100011110
010111101000001
010111101101101
010111110000011
010111110111110
010111111110001
011000000001101
011000000110001
011000001101111
011000010111101
011000011000100
011000011010100
011000100001010
011000100110110
011000101101000
011000110111010
011000111000011
011000111010011
011001000010101
011001001011010
011001001100111
011001010001001
011001010100110
011001011111010
011001100010010
011001101011101
011001101100000
011001110001110
011001110100001
011001111111101
011010000000010
011010001011110
011010001110001
011010010011111
011010010100010
011010011101101
011010100000101
011010101011001
011010101110110
011010110011000
011010110100101
011010111101010
011011000101100
011011000111100
011011001000101
011011010010111
011011011001001
011011011110101
011011100101011
011011100111011
011011101000010
011011110010000
011011111001110
011011111110010
100100000001101
100100000110001
100100001101111
100100010111101
100100011000100
100100011010100
100100100001010
100100100110110
100100101101000
100100110111010
100100111000011
100100111010011
100101000010101
100101001011010
100101001100111
100101010001001
100101010100110
100101011111010
100101100010010
100101101011101
100101101100000
100101110001110
100101110100001
100101111111101
100110000000010
100110001011110
100110001110001
100110010011111
100110010100010
100110011101101
100110100000101
100110101011001
100110101110110
100110110011000
100110110100101
100110111101010
100111000101100
100111000111100
100111001000101
100111010010111
100111011001001
100111011110101
100111100101011
100111100111011
100111101000010
100111110010000
100111111001110
100111111110010
101000000001110
101000001000001
101000001111100
101000010010010
101000010111110
101000011100001
101000100001001
101000101000110
101000101111011
101000110010101
101000110111001
101000111100110
101001000010110
101001000101010
101001001110100
101001010100101
101001011001111
101001011011111
101001100010001
101001100101101
101001101110011
101001110100010
101001111001000
101001111011000
101010000100111
101010000110111
101010001011101
101010010001100
101010011010010
101010011101110
101010100100000
101010100110000
101010101011010
101010110001011
101010111010101
101010111101001
101011000011001
101011001000110
101011001101010
101011010000100
101011010111001
101011011110110
101011100011110
101011101000001
101011101101101
101011110000011
101011110111110
101011111110001
110000000011000
110000000100100
110000001010111
110000010101011
110000011001010
110000011110111
110000100011111
110000100100011
110000101010000
110000110101100
110000111001101
110000111110000
110001000000000
110001001101001
110001001111001
110001010011100
110001010110000
110001011000010
110001100000111
110001101101110
110001101111110
110001110011011
110001110110111
110001111000101
110010000111010
110010001001011
110010001100100
110010010000001
110010010010001
110010011111011
110010100111101
110010101001100
110010101100011
110010110000110
110010110010110
110010111111100
110011000001111
110011000110010
110011001010011
110011010101111
110011011011100
110011011100000
110011100001000
110011100110101
110011101010100
110011110101000
110011111011011
110011111100111
111100000011011
111100001100010
111100001110010
111100010000111
111100010101000
111100011011001
111100100011100
111100101100101
111100101110101
111100110000000
111100110101111
111100111011110
111101000000011
111101000111111
111101001001100
111101010110011
111101011010001
111101011101100
111101100000100
111101100111000
111101101001011
111101110110100
111101111010110
111101111101011
111110000010100
111110000101001
111110001001000
111110010110100
111110011000111
111110011111000
111110100010011
111110100101110
111110101001111
111110110110011
111110111000000
111110111111111
111111000100001
111111001010000
111111001111111
111111010001010
111111010011010
111111011100011
111111100100110
111111101010111
111111101111000
111111110001101
111111110011101
111111111100100
