000000000000000
000000001111111
000111010001101
000111011110010
001001110100011
001001111011100
001110100011010
001110101100101
010011100111001
010011101000110
010100110101110
010100111010001
011010010010111
011010011101000
011101000110100
011101001001011
100010110110100
100010111001011
100101100010111
100101101101000
101011000101110
101011001010001
101100010111001
101100011000110
110001010011010
110001011100101
110110000100011
110110001011100
111000100001101
111000101110010
111111110000000
111111111111111
