0000000000000000000
0000000100000110000
0000001000010101111
0000001100010011111
0000010001110000110
0000010101110110110
0000011001100101001
0000011101100011001
0000100001001000111
0000100101001110111
0000101001011101000
0000101101011011000
0000110000111000001
0000110100111110001
0000111000101101110
0000111100101011110
0001000010101001100
0001000110101111100
0001001010111100011
0001001110111010011
0001010011011001010
0001010111011111010
0001011011001100101
0001011111001010101
0001100011100001011
0001100111100111011
0001101011110100100
0001101111110010100
0001110010010001101
0001110110010111101
0001111010000100010
0001111110000010010
0010000011111110101
0010000111111000101
0010001011101011010
0010001111101101010
0010010010001110011
0010010110001000011
0010011010011011100
0010011110011101100
0010100010110110010
0010100110110000010
0010101010100011101
0010101110100101101
0010110011000110100
0010110111000000100
0010111011010011011
0010111111010101011
0011000001010111001
0011000101010001001
0011001001000010110
0011001101000100110
0011010000100111111
0011010100100001111
0011011000110010000
0011011100110100000
0011100000011111110
0011100100011001110
0011101000001010001
0011101100001100001
0011110001101111000
0011110101101001000
0011111001111010111
0011111101111100111
0100000011111010101
0100000111111100101
0100001011101111010
0100001111101001010
0100010010001010011
0100010110001100011
0100011010011111100
0100011110011001100
0100100010110010010
0100100110110100010
0100101010100111101
0100101110100001101
0100110011000010100
0100110111000100100
0100111011010111011
0100111111010001011
0101000001010011001
0101000101010101001
0101001001000110110
0101001101000000110
0101010000100011111
0101010100100101111
0101011000110110000
0101011100110000000
0101100000011011110
0101100100011101110
0101101000001110001
0101101100001000001
0101110001101011000
0101110101101101000
0101111001111110111
0101111101111000111
0110000000000100000
0110000100000010000
0110001000010001111
0110001100010111111
0110010001110100110
0110010101110010110
0110011001100001001
0110011101100111001
0110100001001100111
0110100101001010111
0110101001011001000
0110101101011111000
0110110000111100001
0110110100111010001
0110111000101001110
0110111100101111110
0111000010101101100
0111000110101011100
0111001010111000011
0111001110111110011
0111010011011101010
0111010111011011010
0111011011001000101
0111011111001110101
0111100011100101011
0111100111100011011
0111101011110000100
0111101111110110100
0111110010010101101
0111110110010011101
0111111010000000010
0111111110000110010
1000000011000101110
1000000111000011110
1000001011010000001
1000001111010110001
1000010010110101000
1000010110110011000
1000011010100000111
1000011110100110111
1000100010001101001
1000100110001011001
1000101010011000110
1000101110011110110
1000110011111101111
1000110111111011111
1000111011101000000
1000111111101110000
1001000001101100010
1001000101101010010
1001001001111001101
1001001101111111101
1001010000011100100
1001010100011010100
1001011000001001011
1001011100001111011
1001100000100100101
1001100100100010101
1001101000110001010
1001101100110111010
1001110001010100011
1001110101010010011
1001111001000001100
1001111101000111100
1010000000111011011
1010000100111101011
1010001000101110100
1010001100101000100
1010010001001011101
1010010101001101101
1010011001011110010
1010011101011000010
1010100001110011100
1010100101110101100
1010101001100110011
1010101101100000011
1010110000000011010
1010110100000101010
1010111000010110101
1010111100010000101
1011000010010010111
1011000110010100111
1011001010000111000
1011001110000001000
1011010011100010001
1011010111100100001
1011011011110111110
1011011111110001110
1011100011011010000
1011100111011100000
1011101011001111111
1011101111001001111
1011110010101010110
1011110110101100110
1011111010111111001
1011111110111001001
1100000000111111011
1100000100111001011
1100001000101010100
1100001100101100100
1100010001001111101
1100010101001001101
1100011001011010010
1100011101011100010
1100100001110111100
1100100101110001100
1100101001100010011
1100101101100100011
1100110000000111010
1100110100000001010
1100111000010010101
1100111100010100101
1101000010010110111
1101000110010000111
1101001010000011000
1101001110000101000
1101010011100110001
1101010111100000001
1101011011110011110
1101011111110101110
1101100011011110000
1101100111011000000
1101101011001011111
1101101111001101111
1101110010101110110
1101110110101000110
1101111010111011001
1101111110111101001
1110000011000001110
1110000111000111110
1110001011010100001
1110001111010010001
1110010010110001000
1110010110110111000
1110011010100100111
1110011110100010111
1110100010001001001
1110100110001111001
1110101010011100110
1110101110011010110
1110110011111001111
1110110111111111111
1110111011101100000
1110111111101010000
1111000001101000010
1111000101101110010
1111001001111101101
1111001101111011101
1111010000011000100
1111010100011110100
1111011000001101011
1111011100001011011
1111100000100000101
1111100100100110101
1111101000110101010
1111101100110011010
1111110001010000011
1111110101010110011
1111111001000101100
1111111101000011100
