00000000000000000
00000000111111100
00011101000110100
00011101111001000
00100111010001100
00100111101110000
00111010001101000
00111010110010100
01001110011100100
01001110100011000
01010011010111000
01010011101000100
01101001001011100
01101001110100000
01110100011010000
01110100100101100
10001011011010011
10001011100101111
10010110001011111
10010110110100011
10101100010111011
10101100101000111
10110001011100111
10110001100011011
11000101001101011
11000101110010111
11011000010001111
11011000101110011
11100010000110111
11100010111001011
11111111000000011
11111111111111111
