000000000000000000
000000000010111110
000000000011101000
000000000100100010
000000000111001101
000000000111011011
000000001000111011
000000001010000101
000000001100011001
000000001101001110
000000001101100100
000000001101110000
000000010000000101
000000010010111000
000000010100100101
000000010101110010
000000010110000001
000000010110001011
000000011001101011
000000011001101101
000000011001111100
000000011010000011
000000011011010101
000000011011111110
000000011100010101
000000011100011110
000000011101010101
000000011110100111
000000011110110000
000000100001111001
000000100010010110
000000101001000010
000000101010101101
000000101101100000
000000101101110111
000000101101111101
000000101110001001
000000101111011110
000000110011000110
000000110011010000
000000110100001011
000000110100011100
000000110110110100
000000110111100011
000000111001000101
000000111100100111
000001000011010011
000001000110110001
000001001001000110
000001001001010000
000001001100100010
000001001101110101
000001001110001010
000001001110011101
000001010000111011
000001010011010100
000001010100011111
000001010101001000
000001010111100001
000001010111101011
000001010111110110
000001011000000000
000001011011101111
000001100000010101
000001100001000011
000001100001101000
000001100011101010
000001100011111011
000001100011111101
000001100100100110
000001100100110001
000001100110000011
000001100110001000
000001100111000011
000001101000101110
000001101010010011
000001101100010111
000001101100011101
000001101110110011
000001101111100100
000001110000010011
000001110010101101
000001110110001111
000001110111011000
000001110111100110
000001110111110010
000001111000101000
000001111001111110
000001111010010110
000001111101001101
000001111101011011
000001111110110100
000010000100010111
000010000111111000
000010001000001000
000010001001011111
000010001011100001
000010001011110110
000010001011111100
000010001100101100
000010001111000011
000010010000110101
000010010001100010
000010010010001010
000010010010011101
000010010101000111
000010010101010001
000010011010100110
000010011111000100
000010100001001100
000010100001011010
000010100010100011
000010100100111111
000010100101101001
000010100110000001
000010101010011000
000010101011001111
000010101011100101
000010101011110001
000010101100000100
000010101110111010
000010110000000000
000010110000001010
000010110010100100
000010110011110011
000010110100111001
000010110110000100
000010111000100110
000010111000110001
000010111010010100
000010111010011111
000010111011010100
000010111100000010
000010111101010100
000010111101111111
000010111111101010
000010111111101100
000010111111111101
000011000000000010
000011000000001001
000011000001000010
000011000010100111
000011000010110000
000011000101101011
000011000101111010
000011000101111100
000011000110010100
000011000111000010
000011000111101001
000011001000110010
000011001001100101
000011001010010110
000011001010011100
000011001100010010
000011001110101111
000011010000001110
000011010001011001
000011010001100111
000011010001110011
000011010100101100
000011010110010010
000011011000110101
000011011011001100
000011011011011010
000011011100010111
000011011110101001
000011011111111111
000011100000110000
000011100101010010
000011101000001011
000011101000011100
000011101010100011
000011101011110100
000011101111000111
000011101111010001
000011110001100000
000011110001101010
000011110001110111
000011110010011110
000011110011001001
000011110101010101
000011110110111010
000011111101101110
000011111110000001
000100000001000111
000100000001001101
000100000001011010
000100000010110011
000100000011100100
000100000101111000
000100000110010111
000100001101000011
000100001110101100
000100010000011101
000100010101111111
000100011000100110
000100011000110001
000100011010001110
000100011011011001
000100011111101010
000100011111111100
000100100000100011
000100100001001010
000100100001011110
000100100001110100
000100100100000001
000100100110111111
000100101000011000
000100101011100001
000100101011110111
000100101100111010
000100101110000100
000100101111010010
000100110000100100
000100110000101111
000100110001101111
000100110010001010
000100110010011101
000100110101000110
000100110101010001
000100110101010111
000100110110111001
000100110111000100
000100110111101111
000100111000011111
000100111001001000
000100111010110001
000100111010111011
000100111100111111
000100111110000010
000101000000100111
000101000000101101
000101000010001001
000101000011011110
000101000100010100
000101000110101001
000101001000001011
000101001000011100
000101001010110010
000101001010111001
000101001011111001
000101001100101111
000101001101010010
000101001101111001
000101001111000001
000101001111000111
000101001111010000
000101010001100001
000101010001110111
000101010010001110
000101010100010010
000101010101000100
000101010110101100
000101011010110101
000101011011001000
000101011011011100
000101011011100010
000101011100101001
000101011110010111
000101100000011000
000101100001001111
000101100010100111
000101100010110000
000101100101101010
000101100101111100
000101101010001011
000101101111101001
000101110100111010
000101110111010101
000101111000100101
000101111001110010
000101111011001100
000101111011010001
000101111011011011
000101111100000001
000101111111101110
000110000000111110
000110000010000000
000110000110100010
000110000111001011
000110000111011111
000110000111110101
000110001000000101
000110001001010011
000110001010111011
000110001101100000
000110001101110110
000110001110011001
000110010000111000
000110010001000101
000110010001101110
000110010011000111
000110010011010000
000110010011010110
000110010100001011
000110010100011100
000110010110100101
000110010110101110
000110010111101110
000110011000000011
000110011010111110
000110011100110000
000110011100111010
000110011110011110
000110011111001001
000110100000010110
000110100011111001
000110100100110010
000110100101100101
000110100111000110
000110100111001100
000110100111011011
000110101000101101
000110101011000010
000110110011111110
000110110110011100
000110111001101011
000110111001111101
000110111100001111
000110111101011000
000110111110100111
000110111110110000
000111000011101011
000111000011111101
000111000100100110
000111000100110001
000111000110011001
000111000111001110
000111001001101000
000111001100001010
000111010001010100
000111010010111011
000111011001101111
000111011010000000
000111011101001101
000111011101010000
000111011101011010
000111011110100100
000111011111110011
000111100000101000
000111100010010101
000111100100001000
000111100101011111
000111100110100110
000111100110101100
000111101001000000
000111101001000110
000111101001010001
000111101010101110
000111101011010011
000111101011111000
000111101100110011
000111101100111000
000111101101111000
000111101110001010
000111101110011101
000111110000101101
000111110010010011
000111110011000101
000111110100001111
000111110111100000
000111110111110110
000111111000010110
000111111010101000
000111111100110100
000111111101001001
000111111101011101
000111111101100011
001000000000001100
001000000101101110
001000001000100000
001000001000110111
001000001010011111
001000001011001000
001000001111101101
001000001111111011
001000010001001011
001000010001010110
001000010001011100
001000010010100010
001000010011110101
001000010101101001
001000010110000110
001000011101010010
001000011110111101
001000100000110101
001000100000111110
001000100001111110
001000100010001100
001000100010011011
001000100101000000
001000100101000110
001000100101010111
001000100110101000
001000100111010101
001000100111111110
001000101000001110
001000101001011001
001000101010100000
001000101010101010
001000101100101110
001000101110010011
001000110000110010
001000110001001111
001000110001011011
001000110001100101
001000110100010000
001000110110101110
001000111000001001
001000111011100110
001000111011110000
001000111100101011
001000111110010101
001000111111000011
001001000001100110
001001000001110000
001001000010011111
001001000100000011
001001000101010101
001001000110111101
001001001010100100
001001001011001101
001001001011011001
001001001011110011
001001001100111000
001001001110000110
001001010000110110
001001010000111100
001001010010011000
001001010011001111
001001010100000101
001001010110111000
001001011000001101
001001011000011010
001001011010100011
001001011010101000
001001011011101000
001001011100111110
001001011101000011
001001011101101000
001001011111000001
001001011111010000
001001011111010110
001001100100101011
001001100111000100
001001101000110100
001001101001100011
001001101011000000
001001101011001010
001001101011011101
001001101100010000
001001101111111111
001001110000001001
001001110001011110
001001110010100001
001001110010110110
001001110101101101
001001110101111011
001001111010011010
001001111111111000
001010000000101001
001010000001010100
001010000001111111
001010000011000001
001010000011000111
001010000011010110
001010000100001101
001010000100011010
001010000110110100
001010000110111111
001010000111111111
001010001000010010
001010001010101111
001010001100100001
001010001100101011
001010001110001111
001010001111011000
001010010000101111
001010010010010001
001010010110110011
001010010111001110
001010010111011010
001010010111100100
001010011000010100
001010011001000010
001010011010101010
001010011101100111
001010011101110001
001010011110001000
001010100011101111
001010100110001101
001010101001101100
001010101001111010
001010101100011110
001010101101001001
001010101110100001
001010101110110110
001010110000000111
001010110011101000
001010110100100011
001010110101110100
001010110111001010
001010110111010111
001010110111011101
001010111000111100
001010111011010011
001011000001000101
001011000010101010
001011001001111110
001011001010010001
001011001101000001
001011001101001011
001011001101011100
001011001110110101
001011001111100010
001011010011101100
001011010011111010
001011010100100000
001011010100110111
001011010110001000
001011010111011111
001011011001111001
001011011100011011
001011100000111100
001011100010000010
001011100011010100
001011100100011110
001011100111100111
001011100111110001
001011101000000111
001011101010111001
001011101100100101
001011101101001100
001011101101011000
001011101101110010
001011110000111001
001011110010000100
001011110100011001
001011110101001110
001011110110110111
001011110110111101
001011111001000000
001011111001010001
001011111001010111
001011111010111111
001011111011000010
001011111011101001
001011111100100010
001011111100101001
001011111101101001
001011111110001100
001011111110011011
001100000000010100
001100000010101001
001100000100110100
001100000101100011
001100000110010000
001100000110011010
001100001001101101
001100001001111010
001100001001111100
001100001010010010
001100001011000100
001100001011101111
001100001100000100
001100001100001111
001100001101000100
001100001110100001
001100001110110110
001100010000010001
001100010010101111
001100010011111001
001100010100110011
001100010111001010
001100010111011100
001100011000101010
001100011010010100
001100011100001000
001100011101011111
001100011101100001
001100011101110101
001100100011000001
001100100011010111
001100100100001101
001100100100011010
001100100110100101
001100100111110010
001100101001010100
001100101100110110
001100110001101000
001100110010000111
001100111001010011
001100111010111100
001100111101100110
001100111101101100
001100111101110001
001100111110011000
001100111111001111
001101000000101010
001101000011000101
001101000100001110
001101000101011001
001101000111100111
001101000111110000
001101000111111010
001101001000010001
001101001011111110
001101010011000010
001101010110100000
001101011001000001
001101011001010111
001101011100110011
001101011101100100
001101011110001100
001101011110011011
001101100000000010
001101100010111100
001101100110011110
001101100111001001
001101100111100011
001101100111110111
001101101000111001
001101101001101111
001101101010000111
001101101101001010
001101101101011100
001101101110100101
001101110000000100
001101110001010010
001101110001111001
001101110011101010
001101110011101100
001101110011111011
001101110100100000
001101110100110111
001101110110010010
001101110110011001
001101110111010010
001101111000111111
001101111010000010
001101111100000110
001101111100001100
001101111110100010
001101111111110101
001110000000100100
001110000001110011
001110000010001100
001110000010011011
001110000101000000
001110000101010110
001110001010110111
001110001111010101
001110010100000110
001110010111101001
001110011000011001
001110011001001110
001110011011100111
001110011011101101
001110011011110000
001110011100111101
001110011111010010
001110100000010001
001110100000011011
001110100010110101
001110100011100010
001110100100101000
001110100110010101
001110101000100000
001110101000110111
001110101010000101
001110101010001110
001110101011000101
001110101100010011
001110101101000101
001110101101101110
001110101111101100
001110101111111011
001110101111111101
001110110001001011
001110110001011101
001110110010110010
001110110100101110
001110110101111000
001110110110010000
001110111010001001
001110111011011110
001110111011100000
001110111011110100
001110111100010101
001110111110101011
001111000000011111
001111000001001000
001111000001100010
001111000001110110
001111000100111101
001111000110000011
001111001000100100
001111001011001011
001111001011011101
001111001100000110
001111001110111000
001111001111101110
001111010000010011
001111010000011000
001111010001010011
001111010010100001
001111010010110110
001111010101101011
001111010101101101
001111010101111010
001111010110000101
001111010111010011
001111010111111000
001111011000100011
001111011001110100
001111011010000111
001111011010001101
001111011100000011
001111011110111110
001111100001100110
001111100001110001
001111100001111011
001111100010001111
001111100011011000
001111100101000100
001111100110101011
001111101101111111
001111101110010000
001111110000100001
001111110101000011
001111111000001101
001111111000011010
001111111010110010
001111111011100101
001111111111000000
001111111111010110
010000000000001111
010000000010110001
010000000011100111
010000000100101101
010000000111000010
010000000111010100
010000001000110100
010000001010001010
010000001100010110
010000001101000001
010000001101101011
010000001101111111
010000010000001010
010000010010110111
010000010100101010
010000010101111101
010000010110000100
010000010110001110
010000011001100010
010000011001100100
010000011001110011
010000011010001100
010000011011011010
010000011011110001
010000011100010001
010000011100011010
010000011101011010
010000011110101000
010000011110111111
010000100001110110
010000100010011001
010000101001001101
010000101010100010
010000101101101111
010000101101110010
010000101101111000
010000101110000110
010000101111010001
010000110011001001
010000110011011111
010000110100000100
010000110100010011
010000110110111011
010000110111101100
010000111001001010
010000111100101000
010001000011011100
010001000110111110
010001001001001001
010001001001011111
010001001100101101
010001001101111010
010001001110000101
010001001110010010
010001010000110100
010001010011011011
010001010100010000
010001010101000111
010001010111100100
010001010111101110
010001010111111001
010001011000001111
010001011011100000
010001100000011010
010001100001001100
010001100001100111
010001100011100101
010001100011110010
010001100011110100
010001100100101001
010001100100111110
010001100110000111
010001100110001100
010001100111001100
010001101000100001
010001101010011100
010001101100010010
010001101100011000
010001101110111100
010001101111101011
010001110000011100
010001110010100010
010001110110000000
010001110111010111
010001110111101001
010001110111111101
010001111000100111
010001111001110001
010001111010011001
010001111101000010
010001111101010100
010001111110111011
010010000100011000
010010000111110111
010010001000000111
010010001001010000
010010001011101110
010010001011110011
010010001011111001
010010001100100011
010010001111001100
010010010000111010
010010010001101101
010010010010000101
010010010010010010
010010010101001000
010010010101011110
010010011010101001
010010011111001011
010010100001000011
010010100001010101
010010100010101100
010010100100110000
010010100101100110
010010100110001110
010010101010010111
010010101011000000
010010101011101010
010010101011111110
010010101100001011
010010101110110101
010010110000000101
010010110000001111
010010110010101011
010010110011111100
010010110100110110
010010110110001011
010010111000101001
010010111000111110
010010111010010000
010010111010011011
010010111011011011
010010111100001101
010010111101011011
010010111101110000
010010111111100011
010010111111100101
010010111111110010
010011000000000110
010011000000001101
010011000001001101
010011000010101000
010011000010111111
010011000101100100
010011000101110011
010011000101110101
010011000110011011
010011000111001101
010011000111100110
010011001000111101
010011001001101010
010011001010010011
010011001010011001
010011001100011101
010011001110100000
010011010000000001
010011010001010110
010011010001101000
010011010001111100
010011010100100011
010011010110011101
010011011000111010
010011011011000011
010011011011010101
010011011100011000
010011011110100110
010011011111110000
010011100000111111
010011100101011101
010011101000000100
010011101000010011
010011101010101100
010011101011111011
010011101111001000
010011101111011110
010011110001100101
010011110001101111
010011110001111000
010011110010010001
010011110011000110
010011110101011010
010011110110110101
010011111101100001
010011111110001110
010100000001000010
010100000001001000
010100000001010101
010100000010111100
010100000011101011
010100000101110111
010100000110011000
010100001101001100
010100001110100011
010100010000010010
010100010101110000
010100011000101001
010100011000111110
010100011010000001
010100011011010110
010100011111100101
010100011111110011
010100100000101100
010100100001000101
010100100001010001
010100100001111011
010100100100001110
010100100110110000
010100101000010111
010100101011101110
010100101011111000
010100101100110101
010100101110001011
010100101111011101
010100110000100000
010100110000101011
010100110001100000
010100110010000101
010100110010010010
010100110101001001
010100110101011000
010100110101011110
010100110110110110
010100110111001011
010100110111100000
010100111000010000
010100111001000111
010100111010110100
010100111010111110
010100111100110000
010100111110001101
010101000000100010
010101000000101000
010101000010000110
010101000011010001
010101000100011011
010101000110100110
010101001000000100
010101001000010011
010101001010110110
010101001010111101
010101001011110110
010101001100100000
010101001101011101
010101001101110110
010101001111001000
010101001111001110
010101001111011111
010101010001101110
010101010001111000
010101010010000001
010101010100011101
010101010101001011
010101010110100011
010101011010111010
010101011011000111
010101011011010011
010101011011101101
010101011100100110
010101011110011000
010101100000010111
010101100001000000
010101100010101000
010101100010111111
010101100101100101
010101100101110011
010101101010000100
010101101111100110
010101110100110101
010101110111011010
010101111000101010
010101111001111101
010101111011000011
010101111011010100
010101111011011110
010101111100001110
010101111111100001
010110000000110001
010110000010001111
010110000110101101
010110000111000100
010110000111010000
010110000111111010
010110001000001010
010110001001011100
010110001010110100
010110001101101111
010110001101111001
010110001110010110
010110010000110111
010110010001001010
010110010001100001
010110010011001000
010110010011011001
010110010011011111
010110010100000100
010110010100010011
010110010110100001
010110010110101010
010110010111100001
010110011000001100
010110011010110001
010110011100110101
010110011100111111
010110011110010001
010110011111000110
010110100000011001
010110100011110110
010110100100111101
010110100101101010
010110100111000011
010110100111001001
010110100111010100
010110101000100010
010110101011001101
010110110011110001
010110110110010011
010110111001100100
010110111001110010
010110111100000000
010110111101010111
010110111110101000
010110111110111111
010111000011100100
010111000011110010
010111000100101001
010111000100111110
010111000110010110
010111000111000001
010111001001100111
010111001100000101
010111010001011011
010111010010110100
010111011001100000
010111011010001111
010111011101000010
010111011101010101
010111011101011111
010111011110101011
010111011111111100
010111100000100111
010111100010011010
010111100100000111
010111100101010000
010111100110100011
010111100110101001
010111101001001001
010111101001001111
010111101001011110
010111101010100001
010111101011011100
010111101011110111
010111101100110111
010111101100111100
010111101101110111
010111101110000101
010111101110010010
010111110000100010
010111110010011100
010111110011001010
010111110100000000
010111110111101111
010111110111111001
010111111000011001
010111111010100111
010111111100111011
010111111101000110
010111111101010010
010111111101101100
011000000000000011
011000000101100001
011000001000101111
011000001000111000
011000001010010000
011000001011000111
011000001111100010
011000001111110100
011000010001000100
011000010001010011
011000010001011001
011000010010101101
011000010011111010
011000010101100110
011000010110001001
011000011101011101
011000011110110010
011000100000110001
011000100000111010
011000100001110001
011000100010000011
011000100010010100
011000100101001001
011000100101001111
011000100101011000
011000100110100111
011000100111011010
011000100111110001
011000101000000001
011000101001010110
011000101010100101
011000101010101111
011000101100100001
011000101110011100
011000110000111101
011000110001000000
011000110001010100
011000110001101010
011000110100011111
011000110110100001
011000111000000110
011000111011101001
011000111011111111
011000111100100100
011000111110011010
011000111111001100
011001000001101001
011001000001111111
011001000010010000
011001000100001100
011001000101011010
011001000110110010
011001001010101011
011001001011000010
011001001011010110
011001001011111100
011001001100110111
011001001110001001
011001010000110011
011001010000111001
011001010010010111
011001010011000000
011001010100001010
011001010110110111
011001011000000010
011001011000010101
011001011010100111
011001011010101100
011001011011100111
011001011100110001
011001011101001100
011001011101100111
011001011111001110
011001011111011001
011001011111011111
011001100100100100
011001100111001011
011001101000111011
011001101001101100
011001101011000101
011001101011001111
011001101011010010
011001101100011111
011001101111110000
011001110000000110
011001110001010001
011001110010101110
011001110010111001
011001110101100010
011001110101110100
011001111010010101
011001111111110111
011010000000100110
011010000001011011
011010000001110000
011010000011001000
011010000011001110
011010000011011001
011010000100000010
011010000100010101
011010000110110000
011010000110111011
011010000111110000
011010001000011101
011010001010100000
011010001100100100
011010001100101110
011010001110000000
011010001111010111
011010010000100000
011010010010011110
011010010110111100
011010010111000001
011010010111010101
011010010111101011
011010011000011011
011010011001001101
011010011010100101
011010011101101000
011010011101111110
011010011110000111
011010100011100000
011010100110000010
011010101001100011
011010101001110101
011010101100010001
011010101101000110
011010101110101110
011010101110111001
011010110000001000
011010110011100111
011010110100101100
011010110101111011
011010110111000101
011010110111010010
011010110111011000
011010111000110011
011010111011011100
011011000001001010
011011000010100101
011011001001110001
011011001010011110
011011001101000100
011011001101001110
011011001101010011
011011001110111010
011011001111101101
011011010011100011
011011010011110101
011011010100101111
011011010100111000
011011010110000111
011011010111010000
011011011001110110
011011011100010100
011011100000110011
011011100010001101
011011100011011011
011011100100010001
011011100111101000
011011100111111110
011011101000001000
011011101010110110
011011101100101010
011011101101000011
011011101101010111
011011101101111101
011011110000110110
011011110010001011
011011110100010110
011011110101000001
011011110110110010
011011110110111000
011011111001001111
011011111001011000
011011111001011110
011011111010110000
011011111011001101
011011111011100110
011011111100100110
011011111100101101
011011111101100110
011011111110000011
011011111110010100
011100000000011011
011100000010100110
011100000100111011
011100000101101100
011100000110010101
011100000110011111
011100001001100010
011100001001110011
011100001001110101
011100001010011101
011100001011001011
011100001011100000
011100001100000000
011100001100001011
011100001101001011
011100001110101110
011100001110111001
011100010000011110
011100010010100000
011100010011110110
011100010100111100
011100010111000101
011100010111010011
011100011000100101
011100011010011011
011100011100000111
011100011101010000
011100011101101110
011100011101111010
011100100011001110
011100100011011000
011100100100000010
011100100100010101
011100100110101010
011100100111111101
011100101001011011
011100101100111001
011100110001100111
011100110010001000
011100111001011100
011100111010110011
011100111101100011
011100111101101001
011100111101111110
011100111110010111
011100111111000000
011101000000100101
011101000011001010
011101000100000001
011101000101010110
011101000111101000
011101000111110101
011101000111111111
011101001000011110
011101001011110001
011101010011001101
011101010110101111
011101011001001110
011101011001011000
011101011100111100
011101011101101011
011101011110000011
011101011110010100
011101100000001101
011101100010110011
011101100110010001
011101100111000110
011101100111101100
011101100111111000
011101101000110110
011101101001100000
011101101010001000
011101101101000101
011101101101010011
011101101110101010
011101110000001011
011101110001011101
011101110001110110
011101110011100011
011101110011100101
011101110011110100
011101110100101111
011101110100111000
011101110110010110
011101110110011101
011101110111011101
011101111000110000
011101111010001101
011101111100000011
011101111100001001
011101111110101101
011101111111111010
011110000000101011
011110000001111100
011110000010000011
011110000010010100
011110000101001111
011110000101011001
011110001010111000
011110001111011010
011110010100001001
011110010111100110
011110011000010110
011110011001000001
011110011011100010
011110011011101000
011110011011111111
011110011100110010
011110011111011101
011110100000010100
011110100000011110
011110100010111010
011110100011101101
011110100100100111
011110100110011010
011110101000101111
011110101000111000
011110101010000001
011110101010001010
011110101011001010
011110101100011100
011110101101001010
011110101101100001
011110101111100011
011110101111110010
011110101111110100
011110110001000100
011110110001010010
011110110010111101
011110110100100001
011110110101110111
011110110110011111
011110111010000110
011110111011010001
011110111011101111
011110111011111011
011110111100011010
011110111110100100
011111000000010000
011111000001000111
011111000001101101
011111000001111001
011111000100110010
011111000110001100
011111001000101011
011111001011000100
011111001011010010
011111001100001001
011111001110110111
011111001111100001
011111010000010111
011111010000011100
011111010001011100
011111010010101110
011111010010111001
011111010101100010
011111010101100100
011111010101110101
011111010110001010
011111010111011100
011111010111110111
011111011000101100
011111011001111011
011111011010000010
011111011010001000
011111011100001100
011111011110110001
011111100001101001
011111100001110100
011111100001111110
011111100010000000
011111100011010111
011111100101001011
011111100110100100
011111101101110000
011111101110011111
011111110000101110
011111110101001100
011111111000000010
011111111000010101
011111111010111101
011111111011101010
011111111111001111
011111111111011001
100000000001100111
100000000001110001
100000000100000011
100000000101010100
100000000110101011
100000000110111100
100000001011110010
100000001110010000
100000010000100001
100000010011001110
100000011000011010
100000011011110101
100000011100111110
100000011101101001
100000011111000000
100000011111001010
100000011111010111
100000100000001111
100000100010110010
100000100100110110
100000100100111100
100000100110010010
100000100111000101
100000101000110100
100000101001001001
100000101001100010
100000101011001011
100000101011011010
100000101011011100
100000101100000111
100000101100010000
100000101110100010
100000101110101001
100000101111100010
100000110000001001
100000110001011111
100000110010110111
100000110101101100
100000110101111010
100000110110010101
100000111000110010
100000111010001100
100000111110101110
100000111111000111
100000111111010011
100000111111111001
100001000000011010
100001000010100100
100001000100111000
100001000101000101
100001000101010001
100001000101101111
100001001000100001
100001001010011111
100001001011001001
100001001100000011
100001001111101100
100001001111111010
100001010001001010
100001010001001100
100001010001011101
100001010010100010
100001010011011111
100001010011110100
100001010100110100
100001010100111111
100001010101110100
100001010110000110
100001010110010001
100001011000100100
100001011010011001
100001011100000100
100001011101010011
100001011110100000
100001011110101010
100001100001100011
100001100010001100
100001100101000001
100001100101010110
100001100101011100
100001100110101000
100001100111111111
100001101001011000
100001101010110111
100001110001100100
100001110100000110
100001111011100111
100001111011110001
100001111100101010
100001111100111101
100001111110010101
100001111111000010
100010000000010011
100010000001000100
100010000010110111
100010000010111101
100010000100110011
100010000110001110
100010001000100011
100010001000101000
100010001001100011
100010001010000110
100010001010010001
100010001101001010
100010001101011011
100010001101011101
100010001110110101
100010001111001000
100010001111100011
100010010000010100
100010010011101101
100010010011111011
100010010100110110
100010010110001000
100010010111011110
100010011000101111
100010011001000110
100010011001010010
100010011001111000
100010011100001101
100010011110110011
100010100000101010
100010100000111101
100010100010000010
100010100011010101
100010100111100110
100010100111110000
100010101000010001
100010101101110011
100010110101001111
100010110110100000
100010111001000001
100010111001001011
100010111001010110
100010111010111111
100010111011101000
100010111101110100
100010111110011011
100011000000101001
100011000001111110
100011000011000000
100011000011010111
100011000011011101
100011000100001101
100011000111100010
100011001100110110
100011001111011001
100011010010000111
100011010111100101
100011011000010100
100011011001000011
100011011010101011
100011011010111100
100011011101100110
100011011101110000
100011100010111001
100011100011000100
100011100011010000
100011100011101110
100011100100100101
100011100110011011
100011101001101101
100011101001111011
100011101010000010
100011101100011110
100011101101001000
100011101110100000
100011110000000111
100011110000010000
100011110010110101
100011110010111110
100011110011110101
100011110100100011
100011110101011110
100011110101110101
100011110111001011
100011110111001101
100011110111011100
100011111000100001
100011111000101011
100011111010000101
100011111011010010
100011111100011000
100011111110100101
100100000000101010
100100000000111101
100100000010010011
100100000010011000
100100000011011000
100100000100001110
100100000101011000
100100000101110011
100100000111100000
100100000111100110
100100000111110001
100100001000000110
100100001000001100
100100001010101000
100100001011111111
100100001100110101
100100001110001000
100100010010010100
100100010011000011
100100010011101001
100100010011111101
100100010100001000
100100010110110110
100100011001000000
100100011001010110
100100011010101111
100100011100110011
100100011101100101
100100011110001101
100100100010101010
100100100111001000
100100101000111001
100100101001101110
100100101010000110
100100101010010001
100100101101001011
100100101101011101
100100110000000100
100100110001010011
100100110011101101
100100110011110000
100100110011111010
100100110100100000
100100110111001111
100100111100011011
100100111111110100
100101000101100010
100101000110001101
100101001001100110
100101001001101100
100101001001111011
100101001010010010
100101001011000101
100101001101011001
100101001110110110
100101010000000111
100101010000010000
100101010010101111
100101010011111000
100101010111001011
100101010111011101
100101011000111100
100101011101011110
100101100000111001
100101100011000000
100101100011010110
100101100100011011
100101100110100101
100101100111110011
100101101000000010
100101101001010101
100101101001101011
100101101001111111
100101101100100000
100101101110011110
100101110000111110
100101110001101001
100101110010010000
100101110010011010
100101110100011110
100101110110100011
100101111000000101
100101111000001110
100101111001001110
100101111010101011
100101111010111100
100101111101100111
100101111101110000
100101111101110110
100101111110011000
100101111111001110
100101111111100101
100110000001001001
100110000100101011
100110001011001010
100110001011011100
100110001100000111
100110001100010000
100110001110111000
100110001111101111
100110010001001110
100110010010100001
100110010101101100
100110010101110001
100110010101111011
100110010110000101
100110010111010010
100110011001110101
100110011010011010
100110100001100001
100110100001100111
100110100001110000
100110100010001111
100110100011011001
100110100011110010
100110100100010010
100110100100011001
100110100101011001
100110100110101011
100110100110111100
100110101000001001
100110101010110100
100110101100101001
100110101101111110
100110101110000111
100110101110001101
100110110000110111
100110110010001001
100110110100010101
100110110101000010
100110110101101000
100110110101111100
100110111000001100
100110111010110010
100110111011100100
100110111100101110
100110111111000001
100110111111010111
100111000000100100
100111000001110010
100111000010011010
100111000101000001
100111000101010111
100111000110111000
100111001000011111
100111001010100001
100111001110000011
100111001111010100
100111001111101010
100111001111111110
100111010000100010
100111010010011111
100111010100010001
100111010100011011
100111010110111111
100111010111101000
100111011000011001
100111011001001111
100111011001100100
100111011011100110
100111011011110001
100111011011110111
100111011100101010
100111011100111101
100111011110000100
100111011110001111
100111011111001111
100111100000001100
100111100011100011
100111101000110111
100111101011011000
100111101100010011
100111101101000100
100111101111100111
100111101111101101
100111101111111010
100111110001001010
100111110001011100
100111110100101110
100111110101111001
100111110110000110
100111110110010001
100111111011011111
100111111110111101
101000000010000101
101000000011010010
101000000011101100
101000000011111000
101000000100011001
101000000110100111
101000001001000111
101000001001010001
101000001010111110
101000001100100010
101000001101110100
101000001110011100
101000010000101100
101000010000111011
101000010010000010
101000010010001001
101000010011001001
101000010100011111
101000010101001001
101000010101100010
101000010111100000
101000010111110001
101000010111110111
101000011000010111
101000011000011101
101000011010111001
101000011011101110
101000011100100100
101000011110011001
101000100000010101
101000100001000010
101000100011100001
101000100011101011
101000100011111100
101000100100110001
101000100111011110
101000101100001010
101000101111100101
101000110010111011
101000110111011001
101000111000101000
101000111001111111
101000111010000000
101000111010010111
101000111101001100
101000111101011010
101001000000000001
101001000000010110
101001000010111110
101001000011101001
101001000111001100
101001000111011010
101001001000101101
101001001101001111
101001010101110011
101001010110011100
101001011001101010
101001011001110111
101001011001111101
101001011010000011
101001011011010100
101001011101001000
101001011110100111
101001100000101111
101001100001111000
101001100010000001
101001100010001011
101001100100001111
101001100110110010
101001101000010100
101001101000011111
101001101001011111
101001101010101101
101001101010111010
101001101101100001
101001101101100111
101001101101110110
101001101110001001
101001101111011111
101001101111110100
101001110000101000
101001110011000111
101001110011010001
101001110100001010
101001110110110100
101001110111100010
101001111000010011
101001111001000100
101001111001101110
101001111001111010
101001111100110001
101001111110001111
101010000001011111
101010000010110000
101010000101100000
101010000101101010
101010000101111101
101010000110010100
101010000111000011
101010001001100100
101010001010001011
101010010001011000
101010010100111010
101010011011001101
101010011011011011
101010011100000001
101010011100010110
101010011110101001
101010011111111110
101010100000100110
101010100010011000
101010100100000100
101010100101010011
101010100101101101
101010100101111001
101010101000011101
101010101010100011
101010101011110101
101010101100111111
101010101111000110
101010101111010000
101010110001100001
101010110001110000
101010110001110110
101010110010011110
101010110011001000
101010110011100011
101010110100000011
101010110100001000
101010110101001000
101010110110101101
101010110110111010
101010111000011000
101010111010100101
101010111100111000
101010111101101111
101010111110010110
101010111110011100
101011000000110011
101011000010001110
101011000100000000
101011000100001010
101011000110101110
101011000111111001
101011001000001000
101011001001011110
101011001001110101
101011001011100000
101011001011100110
101011001011110111
101011001100101100
101011001100111011
101011001110010101
101011001110011110
101011001111011110
101011010000110101
101011010001100011
101011010010001011
101011010101000110
101011010101010000
101011010110101001
101011011000001110
101011011010110000
101011011110010010
101011011111000101
101011011111101111
101011011111111011
101011100001001101
101011100001011011
101011100100111111
101011100101101000
101011100110000000
101011100110010111
101011101011001110
101011101110101100
101011110000011101
101011110011110010
101011111000100110
101011111011001001
101011111100000010
101011111101010101
101011111111101011
101011111111110110
101011111111111100
101100000000110000
101100000011011111
101100001000001011
101100001011100100
101100001100101111
101100001101111000
101100001111000110
101100001111010001
101100001111011011
101100010001100000
101100010001110110
101100010100010010
101100010101000101
101100010110101101
101100010110111010
101100011011100011
101100011110000001
101100100000011000
101100100001001110
101100100010100110
101100100101101011
101100100101111101
101100100110000100
101100101000100011
101100101010011101
101100101110111111
101100101111000010
101100101111010110
101100101111101000
101100110000011110
101100110010100011
101100110100100111
101100110100101101
101100110110000011
101100110111010100
101100111000100101
101100111001011000
101100111001110011
101100111011001011
101100111011001101
101100111011011010
101100111100000001
101100111100010110
101100111110110011
101100111110111000
101100111111110011
101101000001001100
101101000001011011
101101000001011101
101101000010110011
101101000011001110
101101000011100101
101101000100100101
101101000100101110
101101000101100101
101101000110000000
101101000110010111
101101001000110101
101101001010001000
101101001100010101
101101001101000010
101101001110110001
101101001110111011
101101010000001011
101101010010110101
101101010100101001
101101010101000000
101101010101010100
101101010101111110
101101011000110000
101101011010001110
101101011011011000
101101011100010010
101101011111101011
101101011111111101
101101100001110101
101101100100010111
101101101011100000
101101101011110110
101101101100101100
101101101100111011
101101101110000100
101101101111010011
101101110001110010
101101110010011101
101101110101000111
101101110101001101
101101110101010000
101101110110111001
101101110111101110
101101111001001001
101101111010100110
101110000000000101
101110000011101010
101110000011111100
101110000100100111
101110000110011001
101110000111001111
101110001000111110
101110001001000011
101110001001010111
101110001001101001
101110001100011100
101110001110100010
101110010000000010
101110010001010101
101110010010100110
101110010010101100
101110010100100010
101110010110011111
101110011000110010
101110011000111001
101110011001110010
101110011010000000
101110011010010111
101110011101001010
101110011101001100
101110011101011011
101110011110100100
101110011111011001
101110011111110010
101110100101011110
101110100110110001
101110101001000111
101110101001010000
101110101001011010
101110101010101110
101110101011111001
101110101101100101
101110101110001010
101110110000101100
101110110000111011
101110110010010011
101110110011000100
101110110111100001
101110110111110111
101110111000000000
101110111101100010
101111000010010110
101111000111110100
101111001000000101
101111001001010010
101111001010101101
101111001010111010
101111001101100001
101111001101110111
101111010000111000
101111010001101111
101111010011000110
101111010011001100
101111010011010001
101111010100011100
101111010111110011
101111011100100111
101111011111001000
101111100000000001
101111100000010110
101111100010100100
101111100010101111
101111100011100100
101111100100110010
101111100101001111
101111100101100100
101111100111001101
101111100111011010
101111100111011100
101111101000110000
101111101000111010
101111101010010100
101111101011000011
101111101100001001
101111101110110100
101111110010101000
101111110011000001
101111110011010101
101111110011111111
101111110100110100
101111110110001010
101111111001101010
101111111001111100
101111111010010011
101111111100001111
101111111101011001
101111111110110001
110000000001101000
110000000001111110
110000000100001100
110000000101011011
110000000110100100
110000000110110011
110000001011111101
110000001110011111
110000010000101110
110000010011000001
110000011000010101
110000011011111010
110000011100110001
110000011101100110
110000011111000101
110000011111001111
110000011111011000
110000100000000000
110000100010111101
110000100100110011
110000100100111001
110000100110011101
110000100111001010
110000101000111011
110000101001000110
110000101001101101
110000101011000100
110000101011010011
110000101011010101
110000101100001000
110000101100011111
110000101110100110
110000101110101101
110000101111101101
110000110000000110
110000110001010000
110000110010111000
110000110101100011
110000110101110101
110000110110011010
110000111000111101
110000111010000011
110000111110100001
110000111111001000
110000111111011100
110000111111110110
110001000000010101
110001000010101011
110001000100110111
110001000101001010
110001000101011110
110001000101100000
110001001000101110
110001001010010000
110001001011000110
110001001100001100
110001001111100011
110001001111110101
110001010001000011
110001010001000101
110001010001010010
110001010010101101
110001010011010000
110001010011111011
110001010100110000
110001010100111011
110001010101111011
110001010110001001
110001010110011110
110001011000101011
110001011010010110
110001011100001011
110001011101011100
110001011110100101
110001011110101111
110001100001101100
110001100010000011
110001100101001110
110001100101010011
110001100101011001
110001100110100111
110001100111110000
110001101001010111
110001101010111000
110001110001101011
110001110100001001
110001111011101000
110001111011111110
110001111100100101
110001111100110010
110001111110011010
110001111111001101
110010000000011100
110010000001001011
110010000010110010
110010000010111000
110010000100111100
110010000110000001
110010001000100111
110010001000101100
110010001001101100
110010001010001001
110010001010011110
110010001101000101
110010001101010010
110010001101010100
110010001110111010
110010001111000111
110010001111101100
110010010000011011
110010010011100010
110010010011110100
110010010100111001
110010010110000111
110010010111010001
110010011000100000
110010011001001001
110010011001011101
110010011001110111
110010011100000010
110010011110111100
110010100000100101
110010100000110010
110010100010001101
110010100011011010
110010100111101001
110010100111111111
110010101000011110
110010101101111100
110010110101000000
110010110110101111
110010111001000100
110010111001001110
110010111001011001
110010111010110000
110010111011100111
110010111101111011
110010111110010100
110011000000100110
110011000001110001
110011000011001111
110011000011010010
110011000011011000
110011000100000010
110011000111101101
110011001100111001
110011001111010110
110011010010001000
110011010111101010
110011011000011011
110011011001001100
110011011010100100
110011011010110011
110011011101101001
110011011101111111
110011100010110110
110011100011001011
110011100011011111
110011100011100001
110011100100101010
110011100110010100
110011101001100010
110011101001110100
110011101010001101
110011101100010001
110011101101000111
110011101110101111
110011110000001000
110011110000011111
110011110010110001
110011110010111010
110011110011111010
110011110100101100
110011110101010001
110011110101111010
110011110111000010
110011110111000100
110011110111010011
110011111000100100
110011111000101110
110011111010001010
110011111011011101
110011111100010111
110011111110101010
110100000000100101
110100000000110010
110100000010010111
110100000010011100
110100000011010111
110100000100000001
110100000101010111
110100000101111100
110100000111101001
110100000111101111
110100000111111110
110100001000000011
110100001000001001
110100001010100111
110100001011110000
110100001100111010
110100001110000111
110100010010011011
110100010011001100
110100010011100110
110100010011110010
110100010100000111
110100010110111001
110100011001001111
110100011001011001
110100011010100000
110100011100111100
110100011101101010
110100011110000010
110100100010100101
110100100111000111
110100101000110110
110100101001100001
110100101010001001
110100101010011110
110100101101000100
110100101101010010
110100110000001011
110100110001011100
110100110011100010
110100110011110101
110100110011111111
110100110100101111
110100110111000000
110100111100010100
110100111111111011
110101000101101101
110101000110000010
110101001001100011
110101001001101001
110101001001110100
110101001010011101
110101001011001010
110101001101010110
110101001110111001
110101010000001000
110101010000011111
110101010010100000
110101010011110111
110101010111000100
110101010111010010
110101011000110011
110101011101010001
110101100000110110
110101100011001111
110101100011011001
110101100100010100
110101100110101010
110101100111111100
110101101000001101
110101101001011010
110101101001100100
110101101001110000
110101101100101111
110101101110010001
110101110000110001
110101110001100110
110101110010010101
110101110010011111
110101110100010001
110101110110101100
110101111000000001
110101111000001010
110101111001000001
110101111010100100
110101111010110011
110101111101101000
110101111101111001
110101111101111111
110101111110010111
110101111111000001
110101111111101010
110110000001000110
110110000100100100
110110001011000101
110110001011010011
110110001100001000
110110001100011111
110110001110110111
110110001111100000
110110010001000001
110110010010101110
110110010101100011
110110010101110100
110110010101111110
110110010110001010
110110010111011101
110110011001111010
110110011010010101
110110100001101000
110110100001101110
110110100001111111
110110100010000000
110110100011010110
110110100011111101
110110100100010110
110110100100011101
110110100101010110
110110100110100100
110110100110110011
110110101000000110
110110101010111011
110110101100100110
110110101101110001
110110101110000010
110110101110001000
110110110000111000
110110110010000110
110110110100011010
110110110101001101
110110110101100111
110110110101110011
110110111000000011
110110111010111101
110110111011101011
110110111100100001
110110111111001110
110110111111011000
110111000000101011
110111000001111101
110111000010010101
110111000101001110
110111000101011000
110111000110110111
110111001000010000
110111001010101110
110111001110001100
110111001111011011
110111001111100101
110111001111110001
110111010000101101
110111010010010000
110111010100010100
110111010100011110
110111010110110000
110111010111100111
110111011000010110
110111011001000000
110111011001101011
110111011011101001
110111011011111000
110111011011111110
110111011100100101
110111011100110010
110111011110000000
110111011110001011
110111011111000000
110111100000000011
110111100011101100
110111101000111000
110111101011010111
110111101100011100
110111101101001011
110111101111100010
110111101111101000
110111101111110101
110111110001000101
110111110001010011
110111110100100001
110111110101110110
110111110110001001
110111110110011110
110111111011010000
110111111110110010
111000000010001010
111000000011011101
111000000011100011
111000000011110111
111000000100010110
111000000110101000
111000001001001000
111000001001011110
111000001010110001
111000001100101101
111000001101111011
111000001110010011
111000010000100011
111000010000110100
111000010010000110
111000010010001101
111000010011000110
111000010100010000
111000010101000110
111000010101101101
111000010111101111
111000010111111000
111000010111111110
111000011000010010
111000011000011000
111000011010110110
111000011011100001
111000011100101011
111000011110010110
111000100000011010
111000100001001101
111000100011100100
111000100011101110
111000100011110011
111000100100111110
111000100111010001
111000101100000101
111000101111101010
111000110010110100
111000110111010110
111000111000100111
111000111001110000
111000111010001111
111000111010011000
111000111101000011
111000111101010101
111001000000001110
111001000000011001
111001000010110001
111001000011100110
111001000111000011
111001000111010101
111001001000100010
111001001101000000
111001010101111100
111001010110010011
111001011001100101
111001011001110010
111001011001111000
111001011010001100
111001011011011011
111001011101000111
111001011110101000
111001100000100000
111001100001110111
111001100010000100
111001100010001110
111001100100000000
111001100110111101
111001101000010000
111001101000011011
111001101001010000
111001101010100010
111001101010110101
111001101101101000
111001101101101110
111001101101111001
111001101110000110
111001101111010000
111001101111111011
111001110000100111
111001110011001000
111001110011011110
111001110100000101
111001110110111011
111001110111101101
111001111000011100
111001111001001011
111001111001100001
111001111001110101
111001111100111110
111001111110000000
111010000001010000
111010000010111111
111010000101100101
111010000101101111
111010000101110010
111010000110011011
111010000111001100
111010001001101011
111010001010000100
111010010001010111
111010010100110101
111010011011000010
111010011011010100
111010011100001110
111010011100011001
111010011110100110
111010011111110001
111010100000101001
111010100010010111
111010100100001011
111010100101011100
111010100101100010
111010100101110110
111010101000010010
111010101010101100
111010101011111010
111010101100110000
111010101111001001
111010101111011111
111010110001101110
111010110001111001
111010110001111111
111010110010010001
111010110011000111
111010110011101100
111010110100000111
111010110100001100
111010110101000111
111010110110100010
111010110110110101
111010111000010111
111010111010101010
111010111100110111
111010111101100000
111010111110010011
111010111110011001
111011000000111100
111011000010000001
111011000100000101
111011000100001111
111011000110100001
111011000111110110
111011001000000111
111011001001010001
111011001001111010
111011001011101001
111011001011101111
111011001011111000
111011001100100011
111011001100110100
111011001110010001
111011001110011010
111011001111010001
111011010000111010
111011010001101100
111011010010000100
111011010101001001
111011010101011111
111011010110100110
111011011000000001
111011011010111111
111011011110011101
111011011111001010
111011011111100000
111011011111110100
111011100001000010
111011100001010100
111011100100110000
111011100101100111
111011100110001111
111011100110011000
111011101011000001
111011101110100011
111011110000010010
111011110011111101
111011111000101001
111011111011000110
111011111100001101
111011111101011010
111011111111100100
111011111111110011
111011111111111001
111100000000111111
111100000011010000
111100001000000100
111100001011101011
111100001100100000
111100001101110111
111100001111001001
111100001111010100
111100001111011110
111100010001101111
111100010001111001
111100010100011101
111100010101001010
111100010110100010
111100010110110101
111100011011101100
111100011110001110
111100100000010111
111100100001000001
111100100010101001
111100100101100100
111100100101110010
111100100110001011
111100101000101100
111100101010010010
111100101110110000
111100101111001101
111100101111011001
111100101111100111
111100110000010001
111100110010101100
111100110100100010
111100110100101000
111100110110001100
111100110111011011
111100111000101010
111100111001010111
111100111001111100
111100111011000010
111100111011000100
111100111011010101
111100111100001110
111100111100011001
111100111110110111
111100111110111100
111100111111111100
111101000001000011
111101000001010010
111101000001010100
111101000010111100
111101000011000001
111101000011101010
111101000100100001
111101000100101010
111101000101101010
111101000110001111
111101000110011000
111101001000111010
111101001010000111
111101001100011010
111101001101001101
111101001110110100
111101001110111110
111101010000000100
111101010010111010
111101010100100110
111101010101001111
111101010101011011
111101010101110001
111101011000111111
111101011010000001
111101011011010111
111101011100011101
111101011111100100
111101011111110010
111101100001111010
111101100100011000
111101101011101111
111101101011111001
111101101100100011
111101101100110100
111101101110001011
111101101111011100
111101110001111101
111101110010010010
111101110101000010
111101110101001000
111101110101011111
111101110110110110
111101110111100001
111101111001000110
111101111010101001
111110000000001010
111110000011100101
111110000011110011
111110000100101000
111110000110010110
111110000111000000
111110001000110001
111110001001001100
111110001001011000
111110001001100110
111110001100010011
111110001110101101
111110010000001101
111110010001011010
111110010010100011
111110010010101001
111110010100101101
111110010110010000
111110011000110110
111110011000111101
111110011001111101
111110011010001111
111110011010011000
111110011101000011
111110011101000101
111110011101010100
111110011110101011
111110011111010110
111110011111111101
111110100101010001
111110100110111110
111110101001001000
111110101001010101
111110101001011111
111110101010100001
111110101011110110
111110101101101010
111110101110000101
111110110000100011
111110110000110100
111110110010011100
111110110011001011
111110110111101110
111110110111111000
111110111000001111
111110111101101101
111111000010011001
111111000111111011
111111001000001010
111111001001011101
111111001010100010
111111001010110101
111111001101101110
111111001101111000
111111010000110111
111111010001100000
111111010011000011
111111010011001001
111111010011011110
111111010100010011
111111010111111100
111111011100101000
111111011111000111
111111100000001110
111111100000011001
111111100010100000
111111100010101011
111111100011101011
111111100100111101
111111100101000000
111111100101101011
111111100111000010
111111100111010011
111111100111010101
111111101000110101
111111101000111111
111111101010011011
111111101011001100
111111101100000110
111111101110111011
111111110010100111
111111110011001110
111111110011011010
111111110011110000
111111110100111011
111111110110000101
111111111001100101
111111111001110011
111111111010011100
111111111100000000
111111111101010110
111111111110111110
