0000000000000000000
0000000011111110000
0001110100011010000
0001110111100100000
0010011101000110000
0010011110111000000
0011101000110100000
0011101011001010000
0100111001110010000
0100111010001100000
0101001101011100000
0101001110100010000
0110100100101110000
0110100111010000000
0111010001101000000
0111010010010110000
1000101101101001111
1000101110010111111
1001011000101111111
1001011011010001111
1010110001011101111
1010110010100011111
1011000101110011111
1011000110001101111
1100010100110101111
1100010111001011111
1101100001000111111
1101100010111001111
1110001000011011111
1110001011100101111
1111111100000001111
1111111111111111111
