000000000000000000
000000000011101111
000000010101111100
000000010110010011
000000101100110110
000000101111011001
000000111001001010
000000111010100101
000001001001111100
000001001010010011
000001011100000000
000001011111101111
000001100101001010
000001100110100101
000001110000110110
000001110011011001
000010000001011111
000010000010110000
000010010100100011
000010010111001100
000010101101101001
000010101110000110
000010111000010101
000010111011111010
000011001000100011
000011001011001100
000011011101011111
000011011110110000
000011100100010101
000011100111111010
000011110001101001
000011110010000110
000100000000111110
000100000011010001
000100010101000010
000100010110101101
000100101100001000
000100101111100111
000100111001110100
000100111010011011
000101001001000010
000101001010101101
000101011100111110
000101011111010001
000101100101110100
000101100110011011
000101110000001000
000101110011100111
000110000001100001
000110000010001110
000110010100011101
000110010111110010
000110101101010111
000110101110111000
000110111000101011
000110111011000100
000111001000011101
000111001011110010
000111011101100001
000111011110001110
000111100100101011
000111100111000100
000111110001010111
000111110010111000
001000001101111010
001000001110010101
001000011000000110
001000011011101001
001000100001001100
001000100010100011
001000110100110000
001000110111011111
001001000100000110
001001000111101001
001001010001111010
001001010010010101
001001101000110000
001001101011011111
001001111101001100
001001111110100011
001010001100100101
001010001111001010
001010011001011001
001010011010110110
001010100000010011
001010100011111100
001010110101101111
001010110110000000
001011000101011001
001011000110110110
001011010000100101
001011010011001010
001011101001101111
001011101010000000
001011111100010011
001011111111111100
001100001101000100
001100001110101011
001100011000111000
001100011011010111
001100100001110010
001100100010011101
001100110100001110
001100110111100001
001101000100111000
001101000111010111
001101010001000100
001101010010101011
001101101000001110
001101101011100001
001101111101110010
001101111110011101
001110001100011011
001110001111110100
001110011001100111
001110011010001000
001110100000101101
001110100011000010
001110110101010001
001110110110111110
001111000101100111
001111000110001000
001111010000011011
001111010011110100
001111101001010001
001111101010111110
001111111100101101
001111111111000010
010000001100001111
010000001111100000
010000011001110011
010000011010011100
010000100000111001
010000100011010110
010000110101000101
010000110110101010
010001000101110011
010001000110011100
010001010000001111
010001010011100000
010001101001000101
010001101010101010
010001111100111001
010001111111010110
010010001101010000
010010001110111111
010010011000101100
010010011011000011
010010100001100110
010010100010001001
010010110100011010
010010110111110101
010011000100101100
010011000111000011
010011010001010000
010011010010111111
010011101000011010
010011101011110101
010011111101100110
010011111110001001
010100001100110001
010100001111011110
010100011001001101
010100011010100010
010100100000000111
010100100011101000
010100110101111011
010100110110010100
010101000101001101
010101000110100010
010101010000110001
010101010011011110
010101101001111011
010101101010010100
010101111100000111
010101111111101000
010110001101101110
010110001110000001
010110011000010010
010110011011111101
010110100001011000
010110100010110111
010110110100100100
010110110111001011
010111000100010010
010111000111111101
010111010001101110
010111010010000001
010111101000100100
010111101011001011
010111111101011000
010111111110110111
011000000001110101
011000000010011010
011000010100001001
011000010111100110
011000101101000011
011000101110101100
011000111000111111
011000111011010000
011001001000001001
011001001011100110
011001011101110101
011001011110011010
011001100100111111
011001100111010000
011001110001000011
011001110010101100
011010000000101010
011010000011000101
011010010101010110
011010010110111001
011010101100011100
011010101111110011
011010111001100000
011010111010001111
011011001001010110
011011001010111001
011011011100101010
011011011111000101
011011100101100000
011011100110001111
011011110000011100
011011110011110011
011100000001001011
011100000010100100
011100010100110111
011100010111011000
011100101101111101
011100101110010010
011100111000000001
011100111011101110
011101001000110111
011101001011011000
011101011101001011
011101011110100100
011101100100000001
011101100111101110
011101110001111101
011101110010010010
011110000000010100
011110000011111011
011110010101101000
011110010110000111
011110101100100010
011110101111001101
011110111001011110
011110111010110001
011111001001101000
011111001010000111
011111011100010100
011111011111111011
011111100101011110
011111100110110001
011111110000100010
011111110011001101
100000000000111010
100000000011010101
100000010101000110
100000010110101001
100000101100001100
100000101111100011
100000111001110000
100000111010011111
100001001001000110
100001001010101001
100001011100111010
100001011111010101
100001100101110000
100001100110011111
100001110000001100
100001110011100011
100010000001100101
100010000010001010
100010010100011001
100010010111110110
100010101101010011
100010101110111100
100010111000101111
100010111011000000
100011001000011001
100011001011110110
100011011101100101
100011011110001010
100011100100101111
100011100111000000
100011110001010011
100011110010111100
100100000000000100
100100000011101011
100100010101111000
100100010110010111
100100101100110010
100100101111011101
100100111001001110
100100111010100001
100101001001111000
100101001010010111
100101011100000100
100101011111101011
100101100101001110
100101100110100001
100101110000110010
100101110011011101
100110000001011011
100110000010110100
100110010100100111
100110010111001000
100110101101101101
100110101110000010
100110111000010001
100110111011111110
100111001000100111
100111001011001000
100111011101011011
100111011110110100
100111100100010001
100111100111111110
100111110001101101
100111110010000010
101000001101000000
101000001110101111
101000011000111100
101000011011010011
101000100001110110
101000100010011001
101000110100001010
101000110111100101
101001000100111100
101001000111010011
101001010001000000
101001010010101111
101001101000001010
101001101011100101
101001111101110110
101001111110011001
101010001100011111
101010001111110000
101010011001100011
101010011010001100
101010100000101001
101010100011000110
101010110101010101
101010110110111010
101011000101100011
101011000110001100
101011010000011111
101011010011110000
101011101001010101
101011101010111010
101011111100101001
101011111111000110
101100001101111110
101100001110010001
101100011000000010
101100011011101101
101100100001001000
101100100010100111
101100110100110100
101100110111011011
101101000100000010
101101000111101101
101101010001111110
101101010010010001
101101101000110100
101101101011011011
101101111101001000
101101111110100111
101110001100100001
101110001111001110
101110011001011101
101110011010110010
101110100000010111
101110100011111000
101110110101101011
101110110110000100
101111000101011101
101111000110110010
101111010000100001
101111010011001110
101111101001101011
101111101010000100
101111111100010111
101111111111111000
110000001100110101
110000001111011010
110000011001001001
110000011010100110
110000100000000011
110000100011101100
110000110101111111
110000110110010000
110001000101001001
110001000110100110
110001010000110101
110001010011011010
110001101001111111
110001101010010000
110001111100000011
110001111111101100
110010001101101010
110010001110000101
110010011000010110
110010011011111001
110010100001011100
110010100010110011
110010110100100000
110010110111001111
110011000100010110
110011000111111001
110011010001101010
110011010010000101
110011101000100000
110011101011001111
110011111101011100
110011111110110011
110100001100001011
110100001111100100
110100011001110111
110100011010011000
110100100000111101
110100100011010010
110100110101000001
110100110110101110
110101000101110111
110101000110011000
110101010000001011
110101010011100100
110101101001000001
110101101010101110
110101111100111101
110101111111010010
110110001101010100
110110001110111011
110110011000101000
110110011011000111
110110100001100010
110110100010001101
110110110100011110
110110110111110001
110111000100101000
110111000111000111
110111010001010100
110111010010111011
110111101000011110
110111101011110001
110111111101100010
110111111110001101
111000000001001111
111000000010100000
111000010100110011
111000010111011100
111000101101111001
111000101110010110
111000111000000101
111000111011101010
111001001000110011
111001001011011100
111001011101001111
111001011110100000
111001100100000101
111001100111101010
111001110001111001
111001110010010110
111010000000010000
111010000011111111
111010010101101100
111010010110000011
111010101100100110
111010101111001001
111010111001011010
111010111010110101
111011001001101100
111011001010000011
111011011100010000
111011011111111111
111011100101011010
111011100110110101
111011110000100110
111011110011001001
111100000001110001
111100000010011110
111100010100001101
111100010111100010
111100101101000111
111100101110101000
111100111000111011
111100111011010100
111101001000001101
111101001011100010
111101011101110001
111101011110011110
111101100100111011
111101100111010100
111101110001000111
111101110010101000
111110000000101110
111110000011000001
111110010101010010
111110010110111101
111110101100011000
111110101111110111
111110111001100100
111110111010001011
111111001001010010
111111001010111101
111111011100101110
111111011111000001
111111100101100100
111111100110001011
111111110000011000
111111110011110111
