24442420000
14331030010
04220140020
44114200030
34003310040
32433130100
22322240110
12211300120
02100410130
42044020140
40424340200
30313400210
20202010220
10141120230
00030230240
03410000300
43304110310
33243220320
23132330330
13021440340
11401210400
01340320410
41234430420
31123040430
21012100440
01023201000
41412311010
31301421020
21240031030
11134141040
14014411100
04403021110
44342131120
34231241130
24120301140
22000121200
12444231210
02333341220
42222401230
32111011240
30041331300
20430441310
10324001320
00213111330
40102221340
43032041400
33421101410
23310211420
13204321430
03143431440
33104032000
23043142010
13432202020
03321312030
43210422040
41140242100
31034302110
21423412120
11312022130
01201132140
04131402200
44020012210
34414122220
24303232230
14242342240
12122112300
02011222310
42400332320
32344442330
22233002340
20113322400
10002432410
00441042420
40330102430
30224212440
10230313000
00124423010
40013033020
30402143030
20341203040
23221023100
13110133110
03004243120
43443303130
33332413140
31212233200
21101343210
11040403220
01434013230
41323123240
44203443300
34142003310
24031113320
14420223330
04314333340
02244103400
42133213410
32022323420
22411433430
12300043440
42311144000
32200204010
22144314020
12033424030
02422034040
00302304100
40241414110
30130024120
20024134130
10413244140
13343014200
03232124210
43121234220
33010344230
23404404240
21334224300
11223334310
01112444320
41001004330
31440114340
34320434400
24214044410
14103104420
04042214430
44431324440
23300340001
13244400011
03133010021
43022120031
33411230041
31341000101
21230110111
11124220121
01013330131
41402440141
44332210201
34221320211
24110430221
14004040231
04443100241
02323420301
42212030311
32101140321
22040200331
12434310341
10314130401
00203240411
40142300421
30031410431
20420020441
00431121001
40320231011
30214341021
20103401031
10042011041
13422331101
03311441111
43200001121
33144111131
23033221141
21413041201
11302101211
01241211221
41130321231
31024431241
34404201301
24343311311
14232421321
04121031331
44010141341
42440411401
32334021411
22223131421
12112241431
02001301441
32012402001
22401012011
12340122021
02234232031
42123342041
40003112101
30442222111
20331332121
10220442131
00114002141
03044322201
43433432211
33322042221
23211102231
13100212241
11030032301
01424142311
41313202321
31202312331
21141422341
24021242401
14410302411
04304412421
44243022431
34132132441
14143233001
04032343011
44421403021
34310013031
24204123041
22134443101
12023003111
02412113121
42301223131
32240333141
30120103201
20014213211
10403323221
00342433231
40231043241
43111313301
33000423311
23444033321
13333143331
03222203341
01102023401
41041133411
31430243421
21324303431
11213413441
41224014001
31113124011
21002234021
11441344031
01330404041
04210224101
44104334111
34043444121
24432004131
14321114141
12201434201
02140044211
42034104221
32423214231
22312324241
20242144301
10131204311
00020314321
40414424331
30303034341
33233304401
23122414411
13011024421
03400134431
43344244441
22213210002
12102320012
02041430022
42430040032
32324100042
30204420102
20143030112
10032140122
00421200132
40310310142
43240130202
33134240212
23023300222
13412410232
03301020242
01231340302
41120400312
31014010322
21403120332
11342230342
14222000402
04111110412
44000220422
34444330432
24333440442
04344041002
44233101012
34122211022
24011321032
14400431042
12330201102
02224311112
42113421122
32002031132
22441141142
20321411202
10210021212
00104131222
40043241232
30432301242
33312121302
23201231312
13140341322
03034401332
43423011342
41303331402
31242441412
21131001422
11020111432
01414221442
31420322002
21314432012
11203042022
01142102032
41031212042
44411032102
34300142112
24244202122
14133312132
04022422142
02402242202
42341302212
32230412222
22124022232
12013132242
10443402302
00332012312
40221122322
30110232332
20004342342
23434112402
13323222412
03212332422
43101442432
33040002442
13001103002
03440213012
43334323022
33223433032
23112043042
21042313102
11431423112
01320033122
41214143132
31103203142
34033023202
24422133212
14311243222
04200303232
44144413242
42024233302
32413343312
22302403322
12241013332
02130123342
00010443402
40404003412
30343113422
20232223432
10121333442
40132434002
30021044012
20410104022
10304214032
00243324042
03123144102
43012204112
33401314122
23340424132
13234034142
11114304202
01003414212
41442024222
31331134232
21220244242
24100014302
14044124312
04433234322
44322344332
34211404342
32141224402
22030334412
12424444422
02313004432
42202114442
21121130003
11010240013
01404300023
41343410033
31232020043
34112340103
24001400113
14440010123
04334120133
44223230143
42103000203
32042110213
22431220223
12320330233
02214440243
00144210303
40033320313
30422430323
20311040333
10200100343
13130420403
03024030413
43413140423
33302200433
23241310443
03202411003
43141021013
33030131023
23424241033
13313301043
11243121103
01132231113
41021341123
31410401133
21304011143
24234331203
14123441213
04012001223
44401111233
34340221243
32220041303
22114101313
12003211323
02442321333
42331431343
40211201403
30100311413
20044421423
10433031433
00322141443
30333242003
20222302013
10111412023
00000022033
40444132043
43324402103
33213012113
23102122123
13041232133
03430342143
01310112203
41204222213
31143332223
21032442233
11421002243
14301322303
04240432313
44134042323
34023102333
24412212343
22342032403
12231142413
02120202423
42014312433
32403422443
12414023003
02303133013
42242243023
32131303033
22020413043
20400233103
10344343113
00233403123
40122013133
30011123143
33441443203
23330003213
13224113223
03113223233
43002333243
41432103303
31321213313
21210323323
11104433333
01043043343
04423313403
44312423413
34201033423
24140143433
14034203443
44040304003
34434414013
24323024023
14212134033
04101244043
02031014103
42420124113
32314234123
22203344133
12142404143
10022224203
00411334213
40300444223
30244004233
20133114243
23013434303
13402044313
03341104323
43230214333
33124324343
31004144403
21443204413
11332314423
01221424433
41110034443
20034000004
10423110014
00312220024
40201330034
30140440044
33020210104
23414320114
13303430124
03242040134
43131100144
41011420204
31400030214
21344140224
11233200234
01122310244
04002130304
44441240314
34330300324
24224410334
14113020344
12043340404
02432400414
42321010424
32210120434
22104230444
02110331004
42004441014
32443001024
22332111034
12221221044
10101041104
00040101114
40434211124
30323321134
20212431144
23142201204
13031311214
03420421224
43314031234
33203141244
31133411304
21022021314
11411131324
01300241334
41244301344
44124121404
34013231414
24402341424
14341401434
04230011444
34241112004
24130222014
14024332024
04413442034
44302002044
42232322104
32121432114
22010042124
12404102134
02343212144
00223032204
40112142214
30001202224
20440312234
10334422244
13214242304
03103302314
43042412324
33431022334
23320132344
21200402404
11144012414
01033122424
41422232434
31311342444
11322443004
01211003014
41100113024
31044223034
21433333044
24313103104
14202213114
04141323124
44030433134
34424043144
32304313204
22243423214
12132033224
02021143234
42410203244
40340023304
30234133314
20123243324
10012303334
00401413344
03331233404
43220343414
33114403424
23003013434
13442123444
43403224004
33342334014
23231444024
13120004034
03014114044
01444434104
41333044114
31222104124
21111214134
11000324144
14430144204
04324204214
44213314224
34102424234
24041034244
22421304304
12310414314
02204024324
42143134334
32032244344
30412014404
20301124414
10240234424
00134344434
40023404444
01334130000
41223240010
31112300020
21001410030
11440020040
14320340100
04214400110
44103010120
34042120130
24431230140
22311000200
12200110210
02144220220
42033330230
32422440240
30302210300
20241320310
10130430320
00024040330
40413100340
43343420400
33232030410
23121140420
13010200430
03404310440
33410411000
23304021010
13243131020
03132241030
43021301040
41401121100
31340231110
21234341120
11123401130
01012011140
04442331200
44331441210
34220001220
24114111230
14003221240
12433041300
02322101310
42211211320
32100321330
22044431340
20424201400
10313311410
00202421420
40141031430
30030141440
10041242000
00430302010
40324412020
30213022030
20102132040
23032402100
13421012110
03310122120
43204232130
33143342140
31023112200
21412222210
11301332220
01240442230
41134002240
44014322300
34403432310
24342042320
14231102330
04120212340
02000032400
42444142410
32333202420
22222312430
12111422440
42122023000
32011133010
22400243020
12344303030
02233413040
00113233100
40002343110
30441403120
20330013130
10224123140
13104443200
03043003210
43432113220
33321223230
23210333240
21140103300
11034213310
01423323320
41312433330
31201043340
34131313400
24020423410
14414033420
04303143430
44242203440
24203304000
14142414010
04031024020
44420134030
34314244040
32244014100
22133124110
12022234120
02411344130
42300404140
40230224200
30124334210
20013444220
10402004230
00341114240
03221434300
43110044310
33004104320
23443214330
13332324340
11212144400
01101204410
41040314420
31434424430
21323034440
00242000001
40131110011
30020220021
20414330031
10303440041
13233210101
03122320111
43011430121
33400040131
23344100141
21224420201
11113030211
01002140221
41441200231
31330310241
34210130301
24104240311
14043300321
04432410331
44321020341
42201340401
32140400411
22034010421
12423120431
02312230441
32323331001
22212441011
12101001021
02040111031
42434221041
40314041101
30203101111
20142211121
10031321131
00420431141
03300201201
43244311211
33133421221
23022031231
13411141241
11341411301
01230021311
41124131321
31013241331
21402301341
24332121401
14221231411
04110341421
44004401431
34443011441
14404112001
04343222011
44232332021
34121442031
24010002041
22440322101
12334432111
02223042121
42112102131
32001212141
30431032201
20320142211
10214202221
00103312231
40042422241
43422242301
33311302311
23200412321
13144022331
03033132341
01413402401
41302012411
31241122421
21130232431
11024342441
41030443001
31424003011
21313113021
11202223031
01141333041
04021103101
44410213111
34304323121
24243433131
14132043141
12012313201
02401423211
42340033221
32234143231
22123203241
20003023301
10442133311
00331243321
40220303331
30114413341
33044233401
23433343411
13322403421
03211013431
43100123441
23111224001
13000334011
03444444021
43333004031
33222114041
31102434101
21041044111
11430104121
01324214131
41213324141
44143144201
34032204211
24421314221
14310424231
04204034241
02134304301
42023414311
32412024321
22301134331
12240244341
10120014401
00014124411
40403234421
30342344431
20231404441
04100420002
44044030012
34433140022
24322200032
14211310042
12141130102
02030240112
42424300122
32313410132
22202020142
20132340202
10021400212
00410010222
40304120232
30243230242
33123000302
23012110312
13401220322
03340330332
43234440342
41114210402
31003320412
21442430422
11331040432
01220100442
31231201002
21120311012
11014421022
01403031032
41342141042
44222411102
34111021112
24000131122
14444241132
04333301142
02213121202
42102231212
32041341222
22430401232
12324011242
10204331302
00143441312
40032001322
30421111332
20310221342
23240041402
13134101412
03023211422
43412321432
33301431442
13312032002
03201142012
43140202022
33034312032
23423422042
21303242102
11242302112
01131412122
41020022132
31414132142
34344402202
24233012212
14122122222
04011232232
44400342242
42330112302
32224222312
22113332322
12002442332
02441002342
00321322402
40210432412
30104042422
20043102432
10432212442
40443313002
30332423012
20221033022
10110143032
00004203042
03434023102
43323133112
33212243122
23101303132
13040413142
11420233202
01314343212
41203403222
31142013232
21031123242
24411443302
14300003312
04244113322
44133223332
34022333342
32402103402
22341213412
12230323422
02124433432
42013043442
22024144002
12413204012
02302314022
42241424032
32130034042
30010304102
20404414112
10343024122
00232134132
40121244142
43001014202
33440124212
23334234222
13223344232
03112404242
01042224302
41431334312
31320444322
21214004332
11103114342
14033434402
04422044412
44311104422
34200214432
24144324442
03013340003
43402400013
33341010023
23230120033
13124230043
11004000103
01443110113
41332220123
31221330133
21110440143
24040210203
14434320213
04323430223
44212040233
34101100243
32031420303
22420030313
12314140323
02203200333
42142310343
40022130403
30411240413
20300300423
10244410433
00133020443
30144121003
20033231013
10422341023
00311401033
40200011043
43130331103
33024441113
23413001123
13302111133
03241221143
01121041203
41010101213
31404211223
21343321233
11232431243
14112201303
04001311313
44440421323
34334031333
24223141343
22103411403
12042021413
02431131423
42320241433
32214301443
12220402003
02114012013
42003122023
32442232033
22331342043
20211112103
10100222113
00044332123
40433442133
30322002143
33202322203
23141432213
13030042223
03424102233
43313212243
41243032303
31132142313
21021202323
11410312333
01304422343
04234242403
44123302413
34012412423
24401022433
14340132443
44301233003
34240343013
24134403023
14023013033
04412123043
02342443103
42231003113
32120113123
22014223133
12403333143
10333103203
00222213213
40111323223
30000433233
20444043243
23324313303
13213423313
03102033323
43041143333
33430203343
31310023403
21204133413
11143243423
01032303433
41421413443
21432014003
11321124013
01210234023
41104344033
31043404043
34423224103
24312334113
14201444123
04140004133
44034114143
42414434203
32303044213
22242104223
12131214233
02020324243
00400144303
40344204313
30233314323
20122424333
10011034343
13441304403
03330414413
43224024423
33113134433
23002244443
02421210004
42310320014
32204430024
22143040034
12032100044
10412420104
00301030114
40240140124
30134200134
20023310144
23403130204
13342240214
03231300224
43120410234
33014020244
31444340304
21333400314
11222010324
01111120334
41000230344
44430000404
34324110414
24213220424
14102330434
04041440444
34002041004
24441101014
14330211024
04224321034
44113431044
42043201104
32432311114
22321421124
12210031134
02104141144
00034411204
40423021214
30312131224
20201241234
10140301244
13020121304
03414231314
43303341324
33242401334
23131011344
21011331404
11400441414
01344001424
41233111434
31122221444
11133322004
01022432014
41411042024
31300102034
21244212044
24124032104
14013142114
04402202124
44341312134
34230422144
32110242204
22004302214
12443412224
02332022234
42221132244
40101402304
30040012314
20434122324
10323232334
00212342344
03142112404
43031222414
33420332424
23314442434
13203002444
43214103004
33103213014
23042323024
13431433034
03320043044
01200313104
41144423114
31033033124
21422143134
11311203144
14241023204
04130133214
44024243224
34413303234
24302413244
22232233304
12121343314
02010403324
42404013334
32343123344
30223443404
20112003414
10001113424
00440223434
40334333444
20340434004
10234044014
00123104024
40012214034
30401324044
33331144104
23220204114
13114314124
03003424134
43442034144
41322304204
31211414214
21100024224
11044134234
01433244244
04313014304
44202124314
34141234324
24030344334
14424404344
12304224404
02243334414
42132444424
32021004434
22410114444
34440200000
24334310010
14223420020
04112030030
44001140040
42431410100
32320020110
22214130120
12103240130
02042300140
00422120200
40311230210
30200340220
20144400230
10033010240
13413330300
03302440310
43241000320
33130110330
23024220340
21404040400
11343100410
01232210420
41121320430
31010430440
11021031000
01410141010
41304201020
31243311030
21132421040
24012241100
14401301110
04340411120
44234021130
34123131140
32003401200
22442011210
12331121220
02220231230
42114341240
40044111300
30433221310
20322331320
10211441330
00100001340
03030321400
43424431410
33313041420
23202101430
13141211440
43102312000
33041422010
23430032020
13324142030
03213202040
01143022100
41032132110
31421242120
21310302130
11204412140
14134232200
04023342210
44412402220
34301012230
24240122240
22120442300
12014002310
02403112320
42342222330
32231332340
30111102400
20000212410
10444322420
00333432430
40222042440
20233143000
10122203010
00011313020
40400423030
30344033040
33224303100
23113413110
13002023120
03441133130
43330243140
41210013200
31104123210
21043233220
11432343230
01321403240
04201223300
44140333310
34034443320
24423003330
14312113340
12242433400
02131043410
42020103420
32414213430
22303323440
02314424000
42203034010
32142144020
22031204030
12420314040
10300134100
00244244110
40133304120
30022414130
20411024140
23341344200
13230404210
03124014220
43013124230
33402234240
31332004300
21221114310
11110224320
01004334330
41443444340
44323214400
34212324410
24101434420
14040044430
04434104440
33303120001
23242230011
13131340021
03020400031
43414010041
41344330101
31233440111
21122000121
11011110131
01400220141
04330040201
44224100211
34113210221
24002320231
14441430241
12321200301
02210310311
42104420321
32043030331
22432140341
20312410401
10201020411
00140130421
40034240431
30423300441
10434401001
00323011011
40212121021
30101231031
20040341041
23420111101
13314221111
03203331121
43142441131
33031001141
31411321201
21300431211
11244041221
01133101231
41022211241
44402031301
34341141311
24230201321
14124311331
04013421341
02443241401
42332301411
32221411421
22110021431
12004131441
42010232001
32404342011
22343402021
12232012031
02121122041
00001442101
40440002111
30334112121
20223222131
10112332141
13042102201
03431212211
43320322221
33214432231
23103042241
21033312301
11422422311
01311032321
41200142331
31144202341
34024022401
24413132411
14302242421
04241302431
44130412441
24141013001
14030123011
04424233021
44313343031
34202403041
32132223101
22021333111
12410443121
02304003131
42243113141
40123433201
30012043211
20401103221
10340213231
00234323241
03114143301
43003203311
33442313321
23331423331
13220033341
11100303401
01044413411
41433023421
31322133431
21211243441
01222344001
41111404011
31000014021
21444124031
11333234041
14213004101
04102114111
44041224121
34430334131
24324444141
22204214201
12143324211
02032434221
42421044231
32310104241
30240424301
20134034311
10023144321
00412204331
40301314341
43231134401
33120244411
23014304421
13403414431
03342024441
32211040002
22100100012
12044210022
02433320032
42322430042
40202200102
30141310112
20030420122
10424030132
00313140142
03243410202
43132020212
33021130222
23410240232
13304300242
11234120302
01123230312
41012340322
31401400332
21340010342
24220330402
14114440412
04003000422
44442110432
34331220442
14342321002
04231431012
44120041022
34014101032
24403211042
22333031102
12222141112
02111201122
42000311132
32444421142
30324241202
20213301212
10102411222
00041021232
40430131242
43310401302
33204011312
23143121322
13032231332
03421341342
01301111402
41240221412
31134331422
21023441432
11412001442
41423102002
31312212012
21201322022
11140432032
01034042042
04414312102
44303422112
34242032122
24131142132
14020202142
12400022202
02344132212
42233242222
32122302232
22011412242
20441232302
10330342312
00224402322
40113012332
30002122342
33432442402
23321002412
13210112422
03104222432
43043332442
23004433002
13443043012
03332103022
43221213032
33110323042
31040143102
21434203112
11323313122
01212423132
41101033142
44031303202
34420413212
24314023222
14203133232
04142243242
02022013302
42411123312
32300233322
22244343332
12133403342
10013223402
00402333412
40341443422
30230003432
20124113442
00130214002
40024324012
30413434022
20302044032
10241104042
13121424102
03010034112
43404144122
33343204132
23232314142
21112134202
11001244212
01440304222
41334414232
31223024242
34103344302
24042404312
14431014322
04320124332
44214234342
42144004402
32033114412
22422224422
12311334432
02200444442
31124410003
21013020013
11402130023
01341240033
41230300043
44110120103
34004230113
24443340123
14332400133
04221010143
02101330203
42040440213
32434000223
22323110233
12212220243
10142040303
00031100313
40420210323
30314320333
20203430343
23133200403
13022310413
03411420423
43300030433
33244140443
13200241003
03144301013
43033411023
33422021033
23311131043
21241401103
11130011113
01024121123
41413231133
31302341143
34232111203
24121221213
14010331223
04404441233
44343001243
42223321303
32112431313
22001041323
12440101333
02334211343
00214031403
40103141413
30042201423
20431311433
10320421443
40331022003
30220132013
20114242023
10003302033
00442412043
03322232103
43211342113
33100402123
23044012133
13433122143
11313442203
01202002213
41141112223
31030222233
21424332243
24304102303
14243212313
04132322323
44021432333
34410042343
32340312403
22234422413
12123032423
02012142433
42401202443
22412303003
12301413013
02240023023
42134133033
32023243043
30403013103
20342123113
10231233123
00120343133
40014403143
43444223203
33333333213
23222443223
13111003233
03000113243
01430433303
41324043313
31213103323
21102213333
11041323343
14421143403
04310203413
44204313423
34143423433
24032033443
04043134003
44432244013
34321304023
24210414033
14104024043
12034344103
02423404113
42312014123
32201124133
22140234143
20020004203
10414114213
00303224223
40242334233
30131444243
33011214303
23400324313
13344434323
03233044333
43122104343
41002424403
31441034413
21330144423
11224204433
01113314443
30032330004
20421440014
10310000024
00204110034
40143220044
43023040104
33412100114
23301210124
13240320134
03134430144
01014200204
41403310214
31342420224
21231030234
11120140244
14000410304
04444020314
44333130324
34222240334
24111300344
22041120404
12430230414
02324340424
42213400434
32102010444
12113111004
02002221014
42441331024
32330441034
22224001044
20104321104
10043431114
00432041124
40321101134
30210211144
33140031204
23034141214
13423201224
03312311234
43201421244
41131241304
31020301314
21414411324
11303021334
01242131344
04122401404
44011011414
34400121424
24344231434
14233341444
44244442004
34133002014
24022112024
14411222034
04300332044
02230102104
42124212114
32013322124
22402432134
12341042144
10221312204
00110422214
40004032224
30443142234
20332202244
23212022304
13101132314
03040242324
43434302334
33323412344
31203232404
21142342414
11031402424
01420012434
41314122444
21320223004
11214333014
01103443024
41042003034
31431113044
34311433104
24200043114
14144103124
04033213134
44422323144
42302143204
32241203214
22130313224
12024423234
02413033244
00343303304
40232413314
30121023324
20010133334
10404243344
13334013404
03223123414
43112233424
33001343434
23440403444
03401004004
43340114014
33234224024
23123334034
13012444044
11442214104
01331324114
41220434124
31114044134
21003104144
24433424204
14322034214
04211144224
44100204234
34044314244
32424134304
22313244314
12202304324
02141414334
42030024344
40410344404
30304404414
20243014424
10132124434
00021234444
20110010000
10004120010
00443230020
40332340030
30221400040
33101220100
23040330110
13434440120
03323000130
43212110140
41142430200
31031040210
21420100220
11314210230
01203320240
04133140300
44022200310
34411310320
24300420330
14244030340
12124300400
02013410410
42402020420
32341130430
22230240440
02241341000
42130401010
32024011020
22413121030
12302231040
10232001100
00121111110
40010221120
30404331130
20343441140
23223211200
13112321210
03001431220
43440041230
33334101240
31214421300
21103031310
11042141320
01431201330
41320311340
44200131400
34144241410
24033301420
14422411430
04311021440
34322122000
24211232010
14100342020
04044402030
44433012040
42313332100
32202442110
22141002120
12030112130
02424222140
00304042200
40243102210
30132212220
20021322230
10410432240
13340202300
03234312310
43123422320
33012032330
23401142340
21331412400
11220022410
01114132420
41003242430
31442302440
11403403000
01342013010
41231123020
31120233030
21014343040
24444113100
14333223110
04222333120
44111443130
34000003140
32430323200
22324433210
12213043220
02102103230
42041213240
40421033300
30310143310
20204203320
10143313330
00032423340
03412243400
43301303410
33240413420
23134023430
13023133440
43034234000
33423344010
23312404020
13201014030
03140124040
01020444100
41414004110
31303114120
21242224130
11131334140
14011104200
04400214210
44344324220
34233434230
24122044240
22002314300
12441424310
02330034320
42224144330
32113204340
30043024400
20432134410
10321244420
00210304430
40104414440
24023430001
14412040011
04301100021
44240210031
34134320041
32014140101
22403200111
12342310121
02231420131
42120030141
40000300201
30444410211
20333020221
10222130231
00111240241
03041010301
43430120311
33324230321
23213340331
13102400341
11032220401
01421330411
41310440421
31204000431
21143110441
01104211001
41043321011
31432431021
21321041031
11210101041
14140421101
04034031111
44423141121
34312201131
24201311141
22131131201
12020241211
02414301221
42303411231
32242021241
30122341301
20011401311
10400011321
00344121331
40233231341
43113001401
33002111411
23441221421
13330331431
03224441441
33230042001
23124102011
13013212021
03402322031
43341432041
41221202101
31110312111
21004422121
11443032131
01332142141
04212412201
44101022211
34040132221
24434242231
14323302241
12203122301
02142232311
42031342321
32420402331
22314012341
20244332401
10133442411
00022002421
40411112431
30300222441
10311323001
00200433011
40144043021
30033103031
20422213041
23302033101
13241143111
03130203121
43024313131
33413423141
31343243201
21232303211
11121413221
01010023231
41404133241
44334403301
34223013311
24112123321
14001233331
04440343341
02320113401
42214223411
32103333421
22042443431
12431003441
42442104001
32331214011
22220324021
12114434031
02003044041
00433314101
40322424111
30211034121
20100144131
10044204141
13424024201
03313134211
43202244221
33141304231
23030414241
21410234301
11304344311
01243404321
41132014331
31021124341
34401444401
24340004411
14234114421
04123224431
44012334441
23431300002
13320410012
03214020022
43103130032
33042240042
31422010102
21311120112
11200230122
01144340132
41033400142
44413220202
34302330212
24241440222
14130000232
04024110242
02404430302
42343040312
32232100322
22121210332
12010320342
10440140402
00334200412
40223310422
30112420432
20001030442
00012131002
40401241012
30340301022
20234411032
10123021042
13003341102
03442401112
43331011122
33220121132
23114231142
21044001202
11433111212
01322221222
41211331232
31100441242
34030211302
24424321312
14313431322
04202041332
44141101342
42021421402
32410031412
22304141422
12243201432
02132311442
32143412002
22032022012
12421132022
02310242032
42204302042
40134122102
30023232112
20412342122
10301402132
00240012142
03120332202
43014442212
33403002222
23342112232
13231222242
11111042302
01000102312
41444212322
31333322332
21222432342
24102202402
14041312412
04430422422
44324032432
34213142442
14224243002
04113303012
44002413022
34441023032
24330133042
22210403102
12104013112
02043123122
42432233132
32321343142
30201113202
20140223212
10034333222
00423443232
40312003242
43242323302
33131433312
23020043322
13414103332
03303213342
01233033402
41122143412
31011203422
21400313432
11344423442
41300024002
31244134012
21133244022
11022304032
01411414042
04341234102
44230344112
34124404122
24013014132
14402124142
12332444202
02221004212
42110114222
32004224232
22443334242
20323104302
10212214312
00101324322
40040434332
30434044342
33314314402
23203424412
13142034422
03031144432
43420204442
22344220003
12233330013
02122440023
42011000033
32400110043
30330430103
20224040113
10113100123
00002210133
40441320143
43321140203
33210200213
23104310223
13043420233
03432030243
01312300303
41201410313
31140020323
21034130333
11423240343
14303010403
04242120413
44131230423
34020340433
24414400443
04420001003
44314111013
34203221023
24142331033
14031441043
12411211103
02300321113
42244431123
32133041133
22022101143
20402421203
10341031213
00230141223
40124201233
30013311243
33443131303
23332241313
13221301323
03110411333
43004021343
41434341403
31323401413
21212011423
11101121433
01040231443
31001332003
21440442013
11334002023
01223112033
41112222043
44042042103
34431102113
24320212123
14214322133
04103432143
02033202203
42422312213
32311422223
22200032233
12144142243
10024412303
00413022313
40302132323
30241242333
20130302343
23010122403
13404232413
03343342423
43232402433
33121012443
13132113003
03021223013
43410333023
33304443033
23243003043
21123323103
11012433113
01401043123
41340103133
31234213143
34114033203
24003143213
14442203223
04331313233
44220423243
42100243303
32044303313
22433413323
12322023333
02211133343
00141403403
40030013413
30424123423
20313233433
10202343443
40213444003
30102004013
20041114023
10430224033
00324334043
03204104103
43143214113
33032324123
23421434133
13310044143
11240314203
01134424213
41023034223
31412144233
21301204243
24231024303
14120134313
04014244323
44403304333
34342414343
32222234403
22111344413
12000404423
02444014433
42333124443
21202140004
11141200014
01030310024
41424420034
31313030044
34243300104
24132410114
14021020124
04410130134
44304240144
42234010204
32123120214
22012230224
12401340234
02340400244
00220220304
40114330314
30003440324
20442000334
10331110344
13211430404
03100040414
43044100424
33433210434
23322320444
03333421004
43222031014
33111141024
23000201034
13444311044
11324131104
01213241114
41102301124
31041411134
21430021144
24310341204
14204401214
04143011224
44032121234
34421231244
32301001304
22240111314
12134221324
02023331334
42412441344
40342211404
30231321414
20120431424
10014041434
00403101444
30414202004
20303312014
10242422024
00131032034
40020142044
43400412104
33344022114
23233132124
13122242134
03011302144
01441122204
41330232214
31224342224
21113402234
11002012244
14432332304
04321442314
44210002324
34104112334
24043222344
22423042404
12312102414
02201212424
42140322434
32034432444
12040033004
02434143014
42323203024
32212313034
22101423044
20031243104
10420303114
00314413124
40203023134
30142133144
33022403204
23411013214
13300123224
03244233234
43133343244
41013113304
31402223314
21341333324
11230443334
01124003344
04004323404
44443433414
34332043424
24221103434
14110213444
44121314004
34010424014
24404034024
14343144034
04232204044
02112024104
42001134114
32440244124
22334304134
12223414144
10103234204
00042344214
40431404224
30320014234
20214124244
23144444304
13033004314
03422114324
43311224334
33200334344
31130104404
21024214414
11413324424
01302434434
41241044444
23042140001
13431200011
03320310021
43214420031
33103030041
31033300101
21422410111
11311020121
01200130131
41144240141
44024010201
34413120211
24302230221
14241340231
04130400241
02010220301
42404330311
32343440321
22232000331
12121110341
10001430401
00440040411
40334100421
30223210431
20112320441
00123421001
40012031011
30401141021
20340201031
10234311041
13114131101
03003241111
43442301121
33331411131
23220021141
21100341201
11044401211
01433011221
41322121231
31211231241
34141001301
24030111311
14424221321
04313331331
44202441341
42132211401
32021321411
22410431421
12304041431
02243101441
32204202001
22143312011
12032422021
02421032031
42310142041
40240412101
30134022111
20023132121
10412242131
00301302141
03231122201
43120232211
33014342221
23403402231
13342012241
11222332301
01111442311
41000002321
31444112331
21333222341
24213042401
14102102411
04041212421
44430322431
34324432441
14330033001
04224143011
44113203021
34002313031
24441423041
22321243101
12210303111
02104413121
42043023131
32432133141
30312403201
20201013211
10140123221
00034233231
40423343241
43303113301
33242223311
23131333321
13020443331
03414003341
01344323401
41233433411
31122043421
21011103431
11400213441
41411314001
31300424011
21244034021
11133144031
01022204041
04402024101
44341134111
34230244121
24124304131
14013414141
12443234201
02332344211
42221404221
32110014231
22004124241
20434444301
10323004311
00212114321
40101224331
30040334341
33420104401
23314214411
13203324421
03142434431
43031044441
30221300004
20110410014
10004020024
00443130034
40332240044
43212010104
33101120114
23040230124
13434340134
03323400144
01203220204
41142330214
31031440224
21420000234
11314110244
14244430304
04133040314
44022100324
34411210334
24300320344
22230140404
12124200414
02013310424
42402420434
32341030444
12302131004
02241241014
42130301024
32024411034
22413021044
20343341104
10232401114
00121011124
40010121134
30404231144
33334001204
23223111214
13112221224
03001331234
43440441244
41320211304
31214321314
21103431324
11042041334
01431101344
04311421404
44200031414
34144141424
24033201434
14422311444
44433412004
34322022014
24211132024
14100242034
04044302044
02424122104
42313232114
32202342124
22141402134
12030012144
10410332204
00304442214
40243002224
30132112234
20021222244
23401042304
13340102314
03234212324
43123322334
33012432344
31442202404
21331312414
11220422424
01114032434
41003142444
21014243004
11403303014
01342413024
41231023034
31120133044
34000403104
24444013114
14333123124
04222233134
44111343144
42041113204
32430223214
22324333224
12213443234
02102003244
00032323304
40421433314
30310043324
20204103334
10143213344
13023033404
03412143414
43301203424
33240313434
23134423444
03140024004
43034134014
33423244024
23312304034
13201414044
11131234104
01020344114
41414404124
31303014134
21242124144
24122444204
14011004214
04400114224
44344224234
34233334244
32113104304
22002214314
12441324324
02330434334
42224044344
40104314404
30043424414
20432034424
10321144434
00210204444
13322230002
03211340012
43100400022
33044010032
23433120042
21313440102
11202000112
01141110122
41030220132
31424330142
34304100202
24243210212
14132320222
04021430232
44410040242
42340310302
32234420312
22123030322
12012140332
02401200342
00331020402
40220130412
30114240422
20003300432
10442410442
40403011002
30342121012
20231231022
10120341032
00014401042
03444221102
43333331112
33222441122
23111001132
13000111142
11430431202
01324041212
41213101222
31102211232
21041321242
24421141302
14310201312
04204311322
44143421332
34032031342
32412301402
22301411412
12240021422
02134131432
42023241442
22034342002
12423402012
02312012022
42201122032
32140232042
30020002102
20414112112
10303222122
00242332132
40131442142
43011212202
33400322212
23344432222
13233042232
03122102242
01002422302
41441032312
31330142322
21224202332
11113312342
14043132402
04432242412
44321302422
34210412432
24104022442
04110123002
44004233012
34443343022
24332403032
14221013042
12101333102
02040443112
42434003122
32323113132
22212223142
20142043202
10031103212
00420213222
40314323232
30203433242
33133203302
23022313312
13411423322
03300033332
43244143342
41124413402
31013023412
21402133422
11341243432
01230303442
31241404002
21130014012
11024124022
01413234032
41302344042
44232114102
34121224112
24010334122
14404444132
04343004142
02223324202
42112434212
32001044222
22440104232
12334214242
10214034302
00103144312
40042204322
30431314332
20320424342
23200244402
13144304412
03033414422
43422024432
33311134442
