0000000000
1110344001
2220133002
3330422003
4440211004
3212414010
4322203011
0432042012
1042331013
2102120014
1424323020
2034112021
3144401022
4204240023
0314034024
4131232030
0241021031
1301310032
2411104033
3021443034
2343141040
3403430041
4013224042
0123013043
1233302044
3223214100
4333003101
0443342102
1003131103
2113420104
1430123110
2040412111
3100201112
4210040113
0320334114
4142032120
0202321121
1312110122
2422404123
3032243124
2304441130
3414230131
4024024132
0134313133
1244102134
0011300140
1121144141
2231433142
3341222143
4401011144
1441423200
2001212201
3111001202
4221340203
0331134204
4103332210
0213121211
1323410212
2433204213
3043043214
2310241220
3420030221
4030324222
0140113223
1200402224
0022100230
1132444231
2242233232
3302022233
4412311234
3234014240
4344303241
0404142242
1014431243
2124220244
4114132300
0224421301
1334210302
2444004303
3004343304
2321041310
3431330311
4041124312
0101413313
1211202314
0033400320
1143244321
2203033322
3313322323
4423111324
3240314330
4300103331
0410442332
1020231333
2130020334
1402223340
2012012341
3122301342
4232140343
0342434344
2332341400
3442130401
4002424402
0112213403
1222002404
0044200410
1104044411
2214333412
3324122413
4434411414
3201114420
4311403421
0421242422
1031031423
2141320424
1413023430
2023312431
3133101432
4243440433
0303234434
4120432440
0230221441
1340010442
2400304443
3010143444
4012110200
1043404001
1224243430
2404231311
0034014112
4323321143
3410120022
0111104340
2241442424
2330123234
1131330123
3203332004
4422002032
3322031411
1403143314
3244023303
0124240201
4303412122
2042344043
4141302414
3111424132
2200410041
3400431220
1432032231
0000210424
2331000413
0020341331
1223413243
2242324210
3331223402
4444114130
3111212003
1143233300
4334001014
3341310330
1004132040
0133200321
