000000000
000032020
000045050
001512351
001525311
001550331
002113056
002305642
002330662
002362612
003023345
003110223
003142243
003155203
003166503
004622504
004635534
004660554
005402135
005415165
005440115
006003233
006220446
006252466
006265426
006432254
010322051
010416636
010441656
010454616
011221210
011234240
011266260
012001541
012014501
012046521
012233223
012640022
013302646
013526152
013551102
013564132
014306413
014331433
014344463
015111064
015124024
015156044
015162012
016412462
016560142
016604355
016636305
016661325
020125565
020150515
020163545
020601352
021605126
021630146
021643106
022410400
022423430
022455450
023011105
023203061
023235011
023260031
024015342
024040362
024053322
024621464
025520623
025533653
025565603
026300254
026313214
026345234
026532636
030310511
030502404
030534424
030566444
031220100
031314055
031346005
031352035
031363335
031421241
032126336
032132366
032164316
033606660
033612620
033644640
034200065
034424201
034456221
034462251
035204532
035236552
035242512
036016113
036022143
036054163
040205303
040211333
040243353
041023614
041046360
041055634
041061664
041506401
042503245
042535265
042541225
043315526
043321556
043353506
044101110
044133130
044165150
044616224
045350355
045526513
045613461
045645411
045651441
046043616
046425042
046431002
046463022
050614232
050620262
050652212
051215630
051400523
051432543
051464563
052125226
052212104
052244124
052250154
053024455
053030415
053062435
054036461
054504016
054510046
054542066
055105114
055322320
055354340
055360300
056102651
056134601
056140631
060323161
060336121
060361141
061103422
061116452
061141402
061335104
062404520
062621033
062653053
062666013
063401364
063433314
063446344
063624010
064213645
064226605
064251625
065006236
065031256
065063206
065405511
065514343
066424632
066511510
066543530
066556560
100116323
100523122
100622621
100654641
100660601
101255046
101402252
101434202
101440232
102214533
102220563
102252513
103000124
103032144
103045112
103064164
104365562
104443242
104512405
104544425
104550455
105205151
105324056
105330016
105362036
106104310
106110340
106142360
110306530
110331550
110363500
110541111
111111111
111143131
111156161
111664205
112504564
112623462
112636422
112661442
113403023
113416053
113441003
114221334
114253354
114266314
114415036
115001665
115033615
115046645
115554452
116513246
116526206
116551226
120002436
120015466
120040416
121520040
121552060
121565020
122153165
122300301
122332321
122345351
123112652
123125612
123150632
124605243
124630263
124662213
125263611
125410524
125442544
125455504
126103200
126162510
126222105
126235135
126246435
126260155
126304341
130411365
130424325
130456345
131204656
131236606
131261626
132016230
132041250
132054210
132562324
133233455
133402613
133521511
133534541
133566561
134301142
134314102
134346122
134626016
135126453
135151403
135164433
136452501
136606014
136622460
136631034
136644064
140001326
140120224
140133254
140165204
141600555
141613515
141645535
142425166
142450116
142463146
142612561
143051214
143205420
143230440
143243400
144010001
144023031
144055051
145503362
145535312
145560332
146161030
146315643
146340663
146353623
150350620
150504133
150536153
150542113
151316414
151322444
151354464
151500110
152102005
152134025
152166045
153460443
153614356
153646306
153652336
154300032
154426630
154432660
154464610
155206261
155212221
155244241
156024502
156056522
156062552
156211204
160066156
160213062
160245012
160251042
161025343
161031303
161042603
161063323
161606445
162505604
162511634
162543654
163323215
163355235
163361265
164103546
164135566
164141526
164315354
164656333
165615120
165621150
165653100
166401411
166433431
166465451
200450664
200506562
200512522
200544542
201324103
201356123
201362153
202104434
202136454
202142414
202361136
203430552
203616015
203622045
203654065
204402306
204434326
204466346
205214650
205246600
205252630
206026231
206032261
206064211
206540305
210036265
210215421
210221451
210253401
211001012
211033032
211065052
212513363
212545313
212551343
213146011
213325644
213331604
213363624
214056300
214105205
214111235
214122535
214143255
214250441
215623516
215655536
215661566
216403140
216435160
216441120
220445424
220624350
220630310
220662330
221116555
221355013
221404611
221410641
221442661
222222222
222254242
222260202
222502116
223002553
223034503
223040533
224335601
224505560
224514134
224520164
224552114
225300425
225332445
225364465
226112006
226144026
226150056
230301266
230333216
230346246
230565661
231113540
231126500
231151520
231634314
232606131
232631151
232663101
233411412
233443432
233456462
234044130
234223063
234236023
234261043
235003324
235016354
235041304
235654426
236521635
236553655
236566615
240010125
240042145
240055105
241343543
241522406
241535436
241560456
242253132
242302030
242315060
242340010
243120341
243152361
243165321
244164304
244600602
244632622
244645652
245233020
245412253
245425213
245450233
246205544
246230564
246262514
246453210
250426054
250451004
250464034
251206315
251231335
251244365
252011666
252024626
252056646
252261454
252532433
253504250
253536200
253561220
254316531
254341551
254354511
255121112
255134142
255166162
255642256
256552545
256601443
256614403
256625003
256646423
260103663
260135613
260160633
261615244
261621212
261640264
261653224
262241662
262326342
262420525
262433555
262465505
263151251
263200156
263213116
263245136
264025460
264050410
264063440
265062423
265406222
265505021
265530041
265543001
266131146
266310302
266323332
266355352
300421413
300434443
300466463
301022111
301201044
301214004
301246024
302005635
302026355
302051305
302064335
302133541
302632400
303506616
303531636
303544666
304311260
304324220
304356240
305104551
305136501
305161521
305612365
306616132
306641152
306654112
310105322
310130342
310143302
310455216
311610603
311623633
311655653
312211001
312403264
312435214
312451660
312460234
313215545
313240565
313253525
314020126
314033156
314065106
315321524
315500450
315513410
315545430
316062655
316231113
316325061
316350011
316363041
320514251
320546201
320552231
321326532
321332562
321364512
322106163
322112123
322144143
322620230
323530526
323624404
323656424
323662454
324404035
324436055
324442015
325216316
325222346
325254366
325441061
326002600
326034620
326066640
326510414
330136232
330223110
330255130
330261160
331003441
331035461
331041421
332040404
332515022
332521052
332553002
333116120
333301313
333333333
333365353
334113664
334145614
334151644
334336310
335625245
335631205
335663225
336226643
336405506
336411536
336443556
340144554
340415533
340600026
340632046
340664066
341412300
341444320
341450350
342224651
342230611
342262631
343004212
343010242
343042262
343525356
344435645
344501103
344522523
344554543
344560503
345302154
345334104
345340134
346114435
346120465
346152415
350124062
350202442
350303625
350316655
350341605
351034351
351121236
351153256
351166216
352601560
352633510
352646540
353352322
353413141
353426101
353451121
353645523
354014246
354206432
354231452
354263402
355011013
355043033
355056063
356504312
356523364
356536324
356561344
360012554
360025514
360050534
360244236
361313652
361505145
361530165
361562115
362310426
362342446
362355406
363122000
363135030
363160050
364423405
364602331
364615361
364640311
365333064
365420642
365452662
365465622
366200203
366232223
366245253
400164101
400311314
400334060
400343334
400356364
401123665
401136625
401161645
402603226
402616256
402641206
403204624
403421530
403453550
403466510
404114213
404201161
404233111
404246141
404645055
405013442
405026402
405051422
405331316
406506033
406531053
406563003
410020243
410052263
410065223
410503330
411413626
411500504
411532524
411545554
412312155
412325115
412350135
413105446
413130466
413162416
413324161
414463514
414610020
414642040
414655000
415422301
415435331
415460351
416202632
416215662
416240612
420404152
420436102
420461122
420623504
421062220
421216433
421241453
421254413
421333411
422021014
422034044
422066064
422212410
423501345
423514305
423546325
424102043
424326656
424351606
424364636
425012332
425106210
425131230
425144260
426611561
426624521
426656541
430100051
430113011
430145031
431401456
431625362
431650312
431663342
432311045
432405623
432430643
432443603
432454203
433210204
433223234
433255254
434003565
434035515
434060535
435020654
435361633
435515146
435540166
435553126
436320420
436333450
436365400
440516610
440522640
440554660
441235422
441302201
441334221
441366241
441521623
442114552
442146502
442152532
442660346
443626133
443632163
443664113
444406464
444412424
444444444
444450412
445000162
445155542
445224005
445256025
445262055
446004336
446036356
446042316
446610451
450225546
450231506
450263526
451005100
451011130
451043150
452306505
452523411
452555431
452561461
453216164
453303042
453335062
453341022
454115323
454121353
454153303
455120336
455601614
455633634
455665654
456266052
456413265
456445215
456451245
460016641
460515500
460602455
460634405
460640435
460651035
461414036
461420066
461452016
462200320
462232340
462264360
463012601
463044621
463050651
463565465
464524252
464530212
464562232
465304513
465310543
465342563
466122124
466154144
466160104
466605211
500201215
500233235
500265255
501013566
501045516
501051546
501200261
502346614
502525140
502531100
502563120
503305401
503311431
503343451
504123012
504155032
504161062
505456430
505603343
505635363
505641323
506366026
506415624
506421654
506453604
510165510
510604114
510610144
510642164
511422425
511454445
511460405
512055143
512202056
512234006
512240036
513014330
513020360
513052310
513665432
514500621
514532641
514564661
515312202
515344222
515350252
515506604
516124553
516130513
516162533
516645320
520264145
520313043
520326003
520330303
520351023
521106334
521131354
521163304
522611615
522643635
522656665
523244033
523423266
523436226
523461246
523603054
524203520
524216550
524241500
525021131
525053151
525066111
526354556
526501462
526533412
526546442
530022602
530035632
530060652
530543446
531502233
531515263
531540213
532320544
532333512
532352564
532365524
533031642
533100105
533132125
533145155
533653262
534563551
534612456
534625416
534650436
535405040
535430060
535462010
536111522
536210321
536242341
536255301
536404023
540252605
540406511
540431531
540444561
541162264
541211162
541224122
541256142
542004453
542036403
542061423
543003436
543516034
543541054
543554014
544142152
544321315
544334345
544366365
545101646
545114606
545146626
546626250
546651200
546664230
550115440
550140460
550153420
551441565
551620021
551633051
551665001
552400352
552413312
552445332
553225663
553250613
553263643
554005224
554030244
554043204
554551311
555461600
555510505
555523535
555534135
555555555
555662041
556303166
556335116
556360136
560524306
560556326
560562356
561150024
561304630
561336650
561342610
562060313
562116211
562122241
562154261
562521155
563214416
563602502
563634522
563666542
564414153
564446103
564452133
565040201
565210160
565226434
565232464
565264414
566006065
566012025
566044045
600110106
600123136
600155156
600631243
601541532
601603460
601635410
601660430
602415041
602440061
602453021
603220322
603233352
603265302
603452004
604000653
604013613
604045633
604521420
605041610
605525264
605550214
605563244
606305525
606330545
606343505
610526035
610532065
610564015
611120133
611306366
611312326
611344346
611556154
612124600
612156620
612162650
613604231
613636251
613642211
614230656
614416512
614422542
614454562
615140245
615202103
615213403
615234123
615266143
616014454
616046404
616052434
620203644
620216612
620235664
620241624
621015225
621021255
621053205
621536362
621614042
622446651
622501516
622533536
622565556
623313160
623345110
623351140
624064622
624125441
624131401
624163421
624350123
625426546
625605002
625611032
625643052
626423313
626455333
626461363
630612503
630644523
630650553
631424154
631430114
631462134
631656536
632025252
632204415
632210445
632242465
633022026
633054046
633060006
634502350
634534300
634540330
635135005
635314631
635320661
635352611
636045364
636100222
636132242
636164262
640321432
640353452
640366412
641101063
641133013
641146043
642434411
642613344
642626304
642651324
643344000
643406635
643410235
643431655
643463605
643545141
644211216
644243236
644256266
645023560
645036520
645061540
646324665
646503121
646516151
646541101
650005341
650030361
650062311
650404255
650643413
651160516
651510622
651542642
651555602
652322203
652335233
652360253
653102534
653115564
653140514
653163260
653623301
654620145
654652165
654665125
655400406
655432426
655445456
656033124
656212050
656225010
656250030
660222014
660401240
660414200
660446220
661226551
661251501
661264531
662006112
662031132
662044162
663332530
663511463
663524423
663556443
664242126
664304054
664336004
664361024
665116335
665141355
665154315
666153361
666621616
666634646
666666666
