000000000
125462001
243154002
361546003
416231004
534623005
652315006
112356010
230041011
355433012
403125013
521510014
646202015
064664016
224635020
342320021
460012022
515404023
633166024
051551025
106243026
336214030
454606031
502361032
620053033
045445034
163130035
211522036
441563040
566255041
614640042
032332043
150024044
205416045
323101046
553142050
601534051
026226052
144611053
262303054
310065055
435450056
665421060
013113061
131505062
256260063
304652064
422344065
540036066
101111100
226503101
344265102
462650103
510342104
635034105
053426106
213460110
331152111
456544112
504236113
622621114
040313115
165005116
325046120
443431121
561123122
616515123
034200124
152662125
200354126
430325130
555010131
603402132
021164133
146556134
264241135
312633136
542604140
660366141
015051142
133443143
251135144
306520145
424212146
654253150
002645151
120330152
245022153
363414154
411106155
536561156
066532160
114224161
232616162
350301163
405063164
523455165
641140166
202222200
320614201
445306202
563061203
611453204
036145205
154530206
314501210
432263211
550655212
605340213
023032214
141424215
266116216
426150220
544542221
662234222
010626223
135311224
253003225
301465226
531436230
656121231
004513232
122205233
240660234
365352235
413044236
643015240
061400241
116162242
234554243
352246244
400631245
525323246
055364250
103056251
221441252
346133253
464525254
512210255
630602256
160643260
215335261
333020262
451412263
506104264
624566265
042251266
303333300
421025301
546410302
664102303
012564304
130256305
255641306
415612310
533304311
651066312
006451313
124143314
242535315
360220316
520261320
645653321
063345322
111030323
236422324
354114325
402506326
632540330
050232331
105624332
223316333
341001334
466463335
514155336
044126340
162511341
210203342
335665343
453350344
501042345
626434346
156405350
204160351
322552352
440244353
565636354
613321355
031013356
261054360
316446361
434131362
552523363
600215364
025600365
143362366
404444400
522136401
640521402
065213403
113605404
231360405
356052406
516023410
634415411
052100412
100562413
225254414
343646415
461331416
621302420
046064421
164456422
212141423
330533424
455225425
503610426
033651430
151343431
206035432
324420433
442112434
560504435
615266436
145230440
263622441
311314442
436006443
554461444
602153445
020545446
250516450
305201451
423663452
541355453
666040454
014432455
132124456
362165460
410550461
535242462
653634463
001326464
126011465
244403466
505555500
623240501
041632502
166324503
214016504
332401505
450163506
610134510
035526511
153211512
201603513
326365514
444050515
562442516
022413520
140105521
265560522
313252523
431644524
556336525
604021526
134062530
252454531
300146532
425531533
543223534
661615535
016300536
246341540
364033541
412425542
530110543
655502544
003264545
121656546
351620550
406312551
524004552
642466553
060151554
115543555
233235556
463206560
511661561
636353562
054045563
102430564
220122565
345514566
606666600
024351601
142043602
260435603
315120604
433512605
551204606
011245610
136630611
254322612
302014613
420406614
545161615
663553616
123524620
241216621
366601622
414363623
532055624
650440625
005132626
235103630
353565631
401250632
526642633
644334634
062026635
110411636
340452640
465144641
513536642
631221643
056613644
104305645
222060646
452031650
500423651
625115652
043500653
161262654
216654655
334346656
564310660
612002661
030464662
155156663
203541664
321233665
446625666
123130000
241522001
366214002
414606003
532361004
650053005
005445006
235416010
353101011
401563012
526255013
644640014
062332015
110024016
340065020
465450021
513142022
631534023
056226024
104611025
222303026
452344030
500036031
625421032
043113033
161505034
216260035
334652036
564623040
612315041
030000042
155462043
203154044
321546045
446231046
606202050
024664051
142356052
260041053
315433054
433125055
551510056
011551060
136243061
254635062
302320063
420012064
545404065
663166066
224241100
342633101
460325102
515010103
633402104
051164105
106556106
336520110
454212111
502604112
620366113
045051114
163443115
211135116
441106120
566561121
614253122
032645123
150330124
205022125
323414126
553455130
601140131
026532132
144224133
262616134
310301135
435063136
665034140
013426141
131111142
256503143
304265144
422650145
540342146
000313150
125005151
243460152
361152153
416544154
534236155
652621156
112662160
230354161
355046162
403431163
521123164
646515165
064200166
325352200
443044201
561436202
616121203
034513204
152205205
200660206
430631210
555323211
603015212
021400213
146162214
264554215
312246216
542210220
660602221
015364222
133056223
251441224
306133225
424525226
654566230
002251231
120643232
245335233
363020234
411412235
536104236
066145240
114530241
232222242
350614243
405306244
523061245
641453246
101424250
226116251
344501252
462263253
510655254
635340255
053032256
213003260
331465261
456150262
504542263
622234264
040626265
165311266
426463300
544155301
662540302
010232303
135624304
253316305
301001306
531042310
656434311
004126312
122511313
240203314
365665315
413350316
643321320
061013321
116405322
234160323
352552324
400244325
525636326
055600330
103362331
221054332
346446333
464131334
512523335
630215336
160256340
215641341
333333342
451025343
506410344
624102345
042564346
202535350
320220351
445612352
563304353
611066354
036451355
154143356
314114360
432506361
550261362
605653363
023345364
141030365
266422366
520504400
645266401
063651402
111343403
236035404
354420405
402112406
632153410
050545411
105230412
223622413
341314414
466006415
514461416
044432420
162124421
210516422
335201423
453663424
501355425
626040426
156011430
204403431
322165432
440550433
565242434
613634435
031326436
261360440
316052441
434444442
552136443
600521444
025213445
143605446
303646450
421331451
546023452
664415453
012100454
130562455
255254456
415225460
533610461
651302462
006064463
124456464
242141465
360533466
621615500
046300501
164062502
212454503
330146504
455531505
503223506
033264510
151656511
206341512
324033513
442425514
560110515
615502516
145543520
263235521
311620522
436312523
554004524
602466525
020151526
250122530
305514531
423206532
541661533
666353534
014045535
132430536
362401540
410163541
535555542
653240543
001632544
126324545
244016546
404050550
522442551
640134552
065526553
113211554
231603555
356365556
516336560
634021561
052413562
100105563
225560564
343252565
461644566
022026600
140411601
265103602
313565603
431250604
556642605
604334606
134305610
252060611
300452612
425144613
543536614
661221615
016613616
246654620
364346621
412031622
530423623
655115624
003500625
121262626
351233630
406625631
524310632
642002633
060464634
115156635
233541636
463512640
511204641
636666642
054351643
102043644
220435645
345120646
505161650
623553651
041245652
166630653
214322654
332014655
450406656
610440660
035132661
153524662
201216663
326601664
444363665
562055666
531510000
656202001
004664002
122356003
240041004
365433005
413125006
643166010
061551011
116243012
234635013
352320014
400012015
525404016
055445020
103130021
221522022
346214023
464606024
512361025
630053026
160024030
215416031
333101032
451563033
506255034
624640035
042332036
202303040
320065041
445450042
563142043
611534044
036226045
154611046
314652050
432344051
550036052
605421053
023113054
141505055
266260056
426231060
544623061
662315062
010000063
135462064
253154065
301546066
632621100
050313101
105005102
223460103
341152104
466544105
514236106
044200110
162662111
210354112
335046113
453431114
501123115
626515116
156556120
204241121
322633122
440325123
565010124
613402125
031164126
261135130
316520131
434212132
552604133
600366134
025051135
143443136
303414140
421106141
546561142
664253143
012645144
130330145
255022146
415063150
533455151
651140152
006532153
124224154
242616155
360301156
520342160
645034161
063426162
111111163
236503164
354265165
402650166
033032200
151424201
206116202
324501203
442263204
560655205
615340206
145311210
263003211
311465212
436150213
554542214
602234215
020626216
250660220
305352221
423044222
541436223
666121224
014513225
132205226
362246230
410631231
535323232
653015233
001400234
126162235
244554236
404525240
522210241
640602242
065364243
113056244
231441245
356133246
516104250
634566251
052251252
100643253
225335254
343020255
461412256
621453260
046145261
164530262
212222263
330614264
455306265
503061266
134143300
252535301
300220302
425612303
543304304
661066305
016451306
246422310
364114311
412506312
530261313
655653314
003345315
121030316
351001320
406463321
524155322
642540323
060232324
115624325
233316326
463350330
511042331
636434332
054126333
102511334
220203335
345665336
505636340
623321341
041013342
166405343
214160344
332552345
450244346
610215350
035600351
153362352
201054353
326446354
444131355
562523356
022564360
140256361
265641362
313333363
431025364
556410365
604102366
235254400
353646401
401331402
526023403
644415404
062100405
110562406
340533410
465225411
513610412
631302413
056064414
104456415
222141416
452112420
500504421
625266422
043651423
161343424
216035425
334420426
564461430
612153431
030545432
155230433
203622434
321314435
446006436
606040440
024432441
142124442
260516443
315201444
433663445
551355446
011326450
136011451
254403452
302165453
420550454
545242455
663634456
123605460
241360461
366052462
414444463
532136464
650521465
005213466
336365500
454050501
502442502
620134503
045526504
163211505
211603506
441644510
566336511
614021512
032413513
150105514
205560515
323252516
553223520
601615521
026300522
144062523
262454524
310146525
435531526
665502530
013264531
131656532
256341533
304033534
422425535
540110536
000151540
125543541
243235542
361620543
416312544
534004545
652466546
112430550
230122551
355514552
403206553
521661554
646353555
064045556
224016560
342401561
460163562
515555563
633240564
051632565
106324566
430406600
555161601
603553602
021245603
146630604
264322605
312014606
542055610
660440611
015132612
133524613
251216614
306601615
424363616
654334620
002026621
120411622
245103623
363565624
411250625
536642626
066613630
114305631
232060632
350452633
405144634
523536635
641221636
101262640
226654641
344346642
462031643
510423644
635115645
053500646
213541650
331233651
456625652
504310653
622002654
040464655
165156656
325120660
443512661
561204662
616666663
034351664
152043665
200435666
036300515
314033521
131030303
564155320
132562354
333252522
244241126
541042300
325433044
065445013
360614233
202060630
463044250
013345321
636515122
130643235
521655244
453125004
411250653
404131330
323565666
424606066
442425500
621066344
405612344
005526526
315514534
652002636
212616153
356214036
522361011
145624360
535555535
565242420
655266404
222454506
261360433
600134544
506104243
533142003
204554205
345352226
651221623
422112425
446463326
600053054
510504414
041164112
044513200
246035460
353333323
116162221
114224140
626121266
540661264
316446340
641615526
255103616
400325105
114062553
215335240
545555532
345514545
160411650
364501201
226260031
352401504
101343430
263154001
551436216
320146511
232141422
315201402
523223525
630366103
041326432
624334625
013651451
344420412
231522015
242060645
142205212
362633120
566642601
105230405
450550423
311001302
020232366
505010110
434363622
004045543
506023444
446231032
112043634
100330143
623402131
563455133
626666606
020313106
511661540
126556125
102356044
263316361
116630602
013426134
016613602
461200346
450631236
024126331
634102335
602540365
543455145
