00000
00111
00222
00333
01012
01103
01230
01321
02023
02132
02201
02310
03031
03120
03213
03302
10013
10102
10231
10320
11001
11110
11223
11332
12030
12121
12212
12303
13022
13133
13200
13311
20021
20130
20203
20312
21033
21122
21211
21300
22002
22113
22220
22331
23010
23101
23232
23323
30032
30123
30210
30301
31020
31131
31202
31313
32011
32100
32233
32322
33003
33112
33221
33330
44456
44545
44566
44644
45464
45555
45646
46445
46554
46656
46665
54446
54564
54655
55445
55544
55556
55666
56454
56466
56565
56644
64444
64465
64554
64666
65456
65565
65645
65654
66455
66546
66664
