50542454
34160324
15225561
60054624
46053202
23623661
16061660
42540161
10336124
36343160
03341461
62552216
56123232
06414210
36532254
65123600
42513050
46305021
66022431
35516546
61464361
15441066
01345234
22150562
61511245
32425464
00124654
23301142
53435664
22501632
22445200
56033466
00313041
34601230
50022063
21251031
64413233
13420206
51063034
66344250
13616363
42351004
36021341
13411421
62543431
61133064
26516101
33333003
62426554
03663210
45532622
61610566
33045365
51565162
31015020
66461134
16430363
05326362
44113400
26131620
23632446
66400612
06423065
34106102
04303654
50353360
44455552
23666550
56166121
53336343
60144460
56355215
52331261
63442262
03465345
53363454
46044424
13033240
32040213
13231112
52025220
66211525
33655522
46116634
52662565
41551564
24531200
32112423
50416022
26203130
54656244
31024505
23065101
56321104
10156515
46143045
44345453
64062163
13454310
35221131
66434023
22312545
35543650
41004062
65240554
26005265
56501413
33646044
54325640
34545505
25421253
50522121
01032263
62363122
15540310
12010532
40015465
02505362
46521226
45111552
01066304
01311123
33234452
30026423
01500210
44534540
26320014
22402311
55035314
35633423
03010164
14121165
20604026
60423320
16115544
13355066
50344512
52464623
15205235
61500460
44444004
66666006
43034330
26014043
06612152
44066523
33200341
44311342
30062312
45343535
25241644
30314131
20613504
55366611
31661143
33344551
54023454
36442411
01633642
16151433
00160543
40616144
61421402
61000332
52016442
45145663
56256664
02433152
15216013
00250316
45656506
40006610
51110611
25106434
42441540
64663542
35500061
41031103
42063366
15020626
12260141
53541063
61016110
63136221
21512335
52340046
21134154
40141120
22166340
02064456
21456603
16250054
65312064
25115212
22600253
41362400
26140405
26340340
61043221
54424261
33612633
12422124
66112204
04463420
43502354
32335621
66650221
54136553
42315115
53426116
16241206
20352200
64026204
66146315
15531532
56445051
45334050
02622246
21314463
33450650
32362032
65256332
20102661
41236045
54460150
45406260
60621262
66533344
26336562
62615641
21323241
45665354
56006355
01543106
13364544
36541032
15036404
34421621
01365560
14605660
11012450
31436160
00223205
56411640
24110130
54613355
05425613
36253324
50065652
03242140
24054405
06002625
10113626
01401666
51306005
32236300
54451302
23245410
60612414
62032525
05263630
12456235
05515456
66524566
54003121
26642533
35255242
15153351
56060500
01212502
22024130
63253105
51054256
22661405
54514034
32245155
36415300
16313416
55422343
10345602
32560604
50164203
05461502
36226213
15414655
00455251
24020364
21260516
01165625
56643623
55512116
26041154
20325166
10246351
20262434
66056542
36505143
33324225
35444336
10462556
15664264
64404455
06225123
24522422
60556052
50400244
52520355
36665616
63505624
30242621
43403033
56112454
41153050
31326061
32351254
24342113
01410444
51315553
10023153
65501151
12143264
14263305
31535411
34610015
05524234
35642201
54334425
21001422
03026642
43545243
43160062
45210103
64602320
30636650
16446141
35131365
53061261
11444305
51452063
22366212
06056362
30530336
21161265
65535262
36064230
03431234
24565311
32146534
52563244
61106653
64251250
15063515
34034662
14254520
50211150
21062644
01660053
12001054
23112055
40321436
53552541
66013653
46611062
55224401
46233511
61455513
41353622
34412143
46544552
61066554
66513011
24266125
46033646
45323202
02120111
26462224
06360333
05202415
24664632
54012606
05146053
33522160
00266164
65445426
61520023
10212240
01221350
00133432
22355434
33011254
55233256
46242366
06045514
16324264
12406561
45032564
42146354
10545544
33022032
43423366
21546446
25016661
34322300
40553412
25331410
13132561
26363603
16214165
44660202
45622465
25520504
45244214
52115063
50310401
01122036
21503550
36406522
31526633
45012231
16626450
55413565
63316530
04420531
63631356
05452024
45201325
56312326
04364106
60045146
45001453
65425163
21303615
16426515
11111001
36163551
53050413
22544521
01354012
02316205
43223424
14130643
16502503
46620540
23510562
46442231
52225162
56465314
11633462
22044463
42013622
11500030
21201364
01444555
53462005
04526152
44023634
05551345
35354563
46010313
14416503
20514253
41326511
43446622
22213224
46555330
11424042
44302564
61644600
06540642
10203462
03332613
14443614
00446403
56634145
32225522
34660452
32540341
32162160
60545204
56056022
25543130
33124353
16104066
00113106
35111032
23360364
15351223
34365266
40526301
13042025
60110356
23443352
42135506
32056061
44500436
26403002
35331230
13431054
43234202
24164504
30325616
04636251
52052331
16340520
11460631
16662346
35606312
43250535
34511464
06450106
62516320
44156366
44435226
64530110
65562303
06603304
01023415
11046561
32551126
11361310
02300420
25232166
43536465
10525211
43151214
65303216
03654432
40643255
43336523
04164234
54314162
03006316
24133463
25410405
46564115
31213662
51630302
11433520
53302232
35320452
30440563
56454536
06101246
12332351
14452462
25563463
16124322
63262653
14326030
05335140
04625403
54156116
21145632
53313010
24220236
03030420
13053503
26214615
36615242
00522461
60443653
01106403
66623110
51342664
05614000
60655303
42603523
50254046
60200122
25653236
51531051
26230241
03305502
23022212
40364325
63226064
62131146
42036255
66301361
00412362
11523363
02532403
12233030
02111333
43025552
53041635
00635560
35311604
31463201
14065433
22346656
30620102
14310252
26442661
12501112
23612113
52320413
45456634
12445450
36332312
50466466
22013352
63242320
02555036
40204552
43356156
42646412
00322526
35005633
23506014
14515124
36030126
03404123
06234601
64035052
22033615
14004211
53113145
23310620
61342414
55433121
16261532
61216052
12021310
46316506
16513351
20246101
16450626
64235624
10160363
04204333
43313260
31562522
55134635
00356630
35032044
62320233
41515605
53651162
61554134
55323022
33423546
31625254
40265004
40510523
61322151
23560236
60234233
33261563
41542016
65114122
30305353
11613136
55350133
23056323
01534321
62165250
64215361
02566514
13600515
33313440
53415331
56560635
02422304
36010563
50144640
04416053
15520054
15142503
34534020
62210134
30616324
62154402
33061621
66324624
04605140
45512366
13553631
61653455
51126466
64350501
33144616
44255610
51441215
52403401
12206626
45354313
61531501
50364145
22256113
10050264
64125525
00601456
46465564
24243562
52626606
04141601
54361536
06513531
36316056
15126240
42162610
21602101
11201544
65661624
32614551
36154003
43340301
03143526
64152636
35066155
25610340
51243343
24144241
26264352
12645322
04616625
01156140
00050444
51365220
03132041
03454560
44361016
44613535
00246531
06151613
05441246
23045545
01523543
25165656
03643654
55661104
24455212
41342144
43462255
60034361
23254265
12465013
42261231
46431453
20361055
31402056
66155163
40463646
51504640
53246500
60432105
53561326
40652033
43412511
21523113
45165226
60310221
42335441
52351524
65512636
40530156
05535012
66544122
15236346
30451341
44644646
32123201
50420500
52540611
06112024
34565131
01232135
40341062
42461103
13305322
26536434
52162430
25441516
53124623
44133033
66355035
13620141
33360114
31240003
20451521
51216232
64440344
66560455
21413014
32524015
41130424
03053053
02665135
46332132
06135350
40042506
14031322
26552060
53140256
45566033
50666331
10014305
34356411
25365521
43662120
42504202
40454161
54262215
31652365
53104360
35122510
06036036
36143225
46166301
02044123
32414616
01201024
66450356
36206650
50011215
51043401
05315514
46222033
24000031
12256363
32623336
14641556
00644345
04114560
11300165
44633161
52214314
26525656
52151652
11566252
66600554
26025521
01043041
05213263
46064050
41114161
66411460
14015066
00144210
63203431
30640435
31602621
22611031
02516140
52414256
63525250
30152155
45433301
56544302
05236526
40105231
65150011
10302013
15504421
26615422
23155644
40420050
01255461
30663061
22634364
23344031
41605441
15342445
66202040
24200603
41164535
46366243
62221612
53230022
00502135
21636212
55602652
24466060
03206251
20541364
33002406
02100555
10451001
24644306
35055300
41531231
56434203
01656205
23101200
65040612
20663241
00561350
34156546
60412542
40310651
64652064
35566213
00000000
62041303
03152304
25304306
02442630
22411166
05013321
20235323
50031541
65634513
46505663
43045115
06623630
12154042
25315154
34621563
03415601
11066124
06245456
35653056
15551165
26662166
54660022
55622215
66033216
61153320
35520324
46631325
14330515
55244034
41303255
26426335
41641330
60333554
23533125
15252602
54046010
52241425
23400463
64314612
20640615
34133213
53525430
46654651
16403252
55260360
26104516
11102223
16052112
22535043
02055601
43214646
41416354
42126021
50655553
56245116
60356110
62406221
16041334
42304330
05252152
22524265
24511644
06536164
40065132
53226244
42115243
03265403
30231143
34043440
03530555
30125044
25626125
31150230
16635235
11055346
13105450
63325315
63640134
36604464
40330214
61142542
02253543
63140006
36104336
15614520
41240523
43360634
33211126
50553232
33533645
30003160
54345203
04062613
53250355
34110650
11255211
04314432
61405146
23321405
15315334
43061441
34000551
36120662
63352426
21035533
25205055
12366462
22060026
33101020
31303435
30215510
60011035
16304631
40132342
46422605
43014004
01460111
31515155
11413264
64463600
16615602
11035013
26631055
43203161
36521406
44102622
01145362
22222002
35453114
30503225
60306443
12521445
43601605
36352645
24153026
34554353
62230460
54201063
12654100
24405545
25430031
42002144
35464662
32634114
06301111
34054225
51326331
30136522
63462525
32256633
56521046
33666300
42202016
32501452
43612453
24542055
36363423
40404424
51515425
32445020
12343136
51130244
14463240
36552510
00466036
24031142
26151253
32312365
35410225
06646263
34644126
31114341
22123451
62642052
36631505
54235104
02210654
00061222
13222334
03521000
05641111
45460412
31141452
52653010
05130205
30053534
65051460
15405100
55535442
21562002
40254226
05630333
14243042
00302263
44046260
23556451
14565561
25606562
62343566
31452423
66135530
63305052
35244464
30364505
32036435
14306404
42052511
15016141
56623360
04240222
42324663
56132010
01606531
34232534
15162136
32301510
00011555
41625004
45410045
64102262
22555306
44000301
36041604
20050014
42524535
65456204
21012200
35205505
40026243
62241245
23006656
01554654
25126060
62453665
03564666
20136002
41263156
53014524
14542235
50506565
50443133
63604245
53203611
12611211
05362251
13643404
63541513
34455032
41220260
24655154
50155425
65436641
62606163
25554615
33135131
51432430
20226545
10140030
11161445
35433551
63431414
21114521
60601636
51610046
33635266
53352606
05504601
26316236
20341422
53604425
02366642
30042056
34212201
26253504
04031502
45260540
40632400
25052550
64546665
05650666
63003566
41103313
06556420
31346324
42450325
62104035
30251406
13242660
04503526
23265043
35016411
50231413
60254566
61664233
23132311
25252422
15103614
43556021
65001023
55300466
02264321
62115513
60065402
56654401
54102442
65213443
66245636
11334206
65024356
16536614
00545024
03620321
54550623
63120443
21125306
13544153
61266426
34223056
54640466
12323503
05004543
02244065
13211556
63116665
34023114
31130604
13155124
52642232
63053233
54062343
05126420
16230421
64015426
21051166
12060206
14110310
46355465
23423026
36654131
11602351
10514433
14054655
20215060
11224100
33446102
02233210
11546626
63564146
60243011
61205204
52536133
11244433
20550142
56206220
14652334
34306044
14204153
55111302
24605410
56143565
22100125
41562342
02320053
20624352
31035353
06434543
31350102
20561620
00034111
13265223
16025001
52304150
63415151
32202266
02406041
50121314
61232315
14164054
04015246
32461353
44212021
32013102
42414436
60360665
44050045
62354344
63064011
23434504
16563025
44246132
36210435
26064410
41216412
34345633
01012630
46411120
06214345
42563424
22461533
13400643
13022462
12312025
62532653
13344211
15464322
54503256
65614250
54145331
63451040
50220635
23121533
41425132
00511613
55611430
63514402
10412112
12532223
40215330
53446442
44322120
20302533
60506315
14141421
25504241
05402350
43101540
54212541
36230061
15040252
32650440
06324444
15630153
61365040
41452243
62264501
31051616
43124103
35165406
21224620
20163113
42252453
04042350
11235655
11550404
44424441
32603003
20152335
64141151
35300126
10640165
62665315
45645021
55346355
56301541
51421652
41020325
50333034
41614226
55044162
04436316
60565530
04051135
10534066
41040651
44122255
54523512
03163152
42650260
40152605
04440164
56010133
03352246
50042326
45543400
63163332
12100305
51664413
45055120
55456454
02343316
12044643
64636431
24432656
56600034
25043002
45523144
66646443
10003520
55150261
01334456
40121564
42241605
21436340
61255641
52264051
25221311
16552240
31004242
61122216
22650620
10136252
61331636
45021016
32434242
62430332
31224440
05150531
50105051
23454130
56332652
41051436
65645361
02154222
10435445
40231663
24621043
63030600
55001203
60522641
30341242
11656025
65346105
05040432
25464142
51020145
52430512
51621524
14506346
13166602
04105012
06162461
44561651
52142104
06340000
45134115
54440524
13533305
51232565
20026603
35622645
12634544
00435625
52453145
51252121
24216451
53624051
10660421
65060245
64224146
55566553
30514003
04251000
03541333
62052151
66222303
62304600
16646013
21460451
31413534
00200642
63651612
64361356
62563064
05346625
35142143
24306224
23211306
03116415
14220416
42225342
02021560
05103164
65402530
45300646
51405326
55546220
06351555
46100156
44624313
32103645
60101501
22202446
03510222
23234632
50200302
33250015
61633122
02611461
10262614
21240253
21645060
24353661
02131666
52036005
15362001
25063335
05661444
02642502
16135100
15425433
34432406
50632220
55645541
13321655
14353141
04652514
30564440
31204114
04553263
24011516
30105411
06662526
25354043
55402010
43651342
11350532
55024536
52516500
60160023
51106133
03321135
04353321
52131326
55213623
02631024
03215036
01421222
20435265
25630603
02005234
10601206
34243312
12555556
62005414
13510042
30404604
13006136
12512660
14632001
20415632
55161046
65625035
30553662
65236006
25032224
31263336
65551525
60223455
41405506
44235354
22335101
13666030
26120142
04562041
33466435
61020665
65260110
00333304
52603343
64046530
62626426
24416323
03226514
44401115
64503006
60466216
30116266
20030451
50533606
04220666
42626156
16363153
66261262
51554314
06403432
43140436
65362431
42430062
31641510
56510261
35264020
11622614
11122556
64550443
14526602
55055640
41436610
60121134
33155464
44266465
32060546
30262254
43635016
21350352
04330065
46206400
26453446
30431015
53615203
41664663
40506045
22146014
30420230
20530516
61444035
34401365
26651311
36426155
10356450
53635536
06560205
45606132
65323542
12665655
03604065
44511214
51004512
06261012
33556201
51153500
10561100
24322550
33502534
22233550
50616664
64424011
11311643
22422644
63336163
21656545
45221651
20003340
34266645
04231444
62410006
10651643
31330546
14621223
04542415
15653416
00624012
10325346
14432136
05063065
46600214
64161414
20424410
55100524
31161015
00655123
63014344
66166641
01610316
05024106
33400213
12210404
62021040
53030150
20404154
63620501
06025251
55555005
50605116
20046236
16002445
54401635
51641150
51263606
04125345
64613105
40663511
64341023
66335402
65103344
64330245
10401334
10034631
56222553
42630634
12123631
54636611
21625434
15603042
20113446
65134455
11145112
10624532
21440125
15331660
64526332
61311303
40443313
46253144
24333335
54125005
44550103
26505323
60632040
46120412
21334026
10223025
54534360
25142323
12134416
33513312
53163512
64204513
45154441
56265442
31546266
13116235
53502104
52005664
36465044
43525610
66002105
23643224
02453415
52205536
54251430
13564416
24512156
04214531
35665054
26434250
42453012
34654324
05506125
54003332
50661603
63411614
24550561
03463363
62321463
14612305
35210213
61216540
11640036
66440052
11561602
65534032
62100462
66426203
20661156
54415346
52643443
64055506
20404213
35033464
50564460
43641660
26335151
14223242
66363141
22266311
56644133
33303065
41421566
31122161
46025533
34533230
26546362
64353235
51304355
45603622
02446354
05164242
63665543
31355655
30056110
55336051
56642343
06632555
05440205
00442153
22426434
63323043
53656052
00036342
16353401
34631245
46142325
26103356
03201321
20534034
65141161
33616100
00050503
46216224
26606502
12040410
02113605
01246541
15301040
32100251
36032402
54250640
52360442
40426520
30002656
41214320
13000346
30633200
52104611
00461106
06352266
53220464
25022435
26161241
11243026
16035525
05634454
15505563
11426314
52326116
32205022
55233505
16504004
15154631
04461310
61156102
36414020
14521064
01142414
33354340
22250255
20224125
12452511
61014432
62350620
60254354
60131122
56131430
66662433
46450642
03622431
13324422
44626655
21603311
40113051
54144624
54500300
23363504
13434633
40255430
54345144
33120425
03553041
41512142
15265300
66344506
16525356
00245560
56105152
43435364
42546651
23426161
20110236
24064063
41565221
40513203
55441532
04166451
65222404
43600330
14256544
12166556
10342326
01225001
24011020
20053663
00265514
62645526
10000641
54136323
32315012
45202605
21300133
51514214
66011300
53453153
01021065
60400035
42666115
01524263
63016436
44440461
06323024
23525605
12534363
62652110
30313551
32611124
