0000000000
1301460001
2602150002
3203540003
4504230004
5105620005
6406310006
3011550010
4312240011
5613630012
6214320013
0515010014
1116400015
2410160016
6022330020
0323020021
1624410022
2225100023
3526560024
4120250025
5421640026
2033110030
3334500031
4635260032
5236650033
6530340034
0131030035
1432420036
5044660040
6345350041
0646040042
1240430043
2541120044
3142510045
4443200046
1055440050
2356130051
3650520052
4251210053
5552600054
6153360055
0454050056
4066220060
5360610061
6661300062
0262060063
1563450064
2164140065
3465530066
5516140100
6110530101
0411220102
1012610103
2313300104
3614060105
4215450106
1520620110
2121310111
3422000112
4023460113
5324150114
6625540115
0226230116
4531400120
5132160121
6433550122
0034240123
1335630124
2636320125
3230010126
0542250130
1143640131
2444330132
3045020133
4346410134
5640100135
6241560136
3553030140
4154420141
5455110142
6056500143
0350260144
1651650145
2252340146
6564510150
0165200151
1466660152
2060350153
3361040154
4662430155
5263120156
2505360160
3106050161
4400440162
5001130163
6302520164
0603210165
1204600166
3325210200
4626600201
5220360202
6521050203
0122440204
1423130205
2024520206
6336060210
0630450211
1231140212
2532530213
3133220214
4434610215
5035300216
2340540220
3641230221
4242620222
5543310223
6144000224
0445460225
1046150226
5351320230
6652010231
0253400232
1554160233
2155550234
3456240235
4050630236
1362100240
2663560241
3264250242
4565640243
5166330244
6460020245
0061410246
4303650250
5604340251
6205030252
0506420253
1100110254
2401500255
3002260256
0314430260
1615120261
2216510262
3510200263
4111660264
5412350265
6013040266
1134350300
2435040301
3036430302
4330120303
5631510304
6232200305
0533660306
4145130310
5446520311
6040210312
0341600313
1642360314
2243050315
3544440316
0156610320
1450300321
2051060322
3352450323
4653140324
5254530325
6555220326
3160460330
4461150331
5062540332
6363230333
0664620334
1265310335
2566000336
6101240340
0402630341
1003320342
2304010343
3605400344
4206160345
5500550346
2112020350
3413410351
4014100352
5315560353
6616250354
0210640355
1511330356
5123500360
6424260361
0025650362
1326340363
2620030364
3221420365
4522110366
6643420400
0244110401
1545500402
2146260403
3440650404
4041340405
5342030406
2654200410
3255660411
4556350412
5150040413
6451430414
0052120415
1353510416
5665050420
6266440421
0560130422
1161520423
2462210424
3063600425
4364360426
1606530430
2200220431
3501610432
4102300433
5403060434
6004450435
0305140436
4610310440
5211000441
6512460442
0113150443
1414540444
2015230445
3316620446
0621160450
1222550451
2523240452
3124630453
4425320454
5026010455
6320400456
3632640460
4233330461
5534020462
6135410463
0436100464
1030560465
2331250466
4452560500
5053250501
6354640502
0655330503
1256020504
2550410505
3151100506
0463340510
1064030511
2365420512
3666110513
4260500514
5561260515
6162650516
3404120520
4005510521
5306200522
6600660523
0201350524
1502040525
2103430526
6415600530
0016360531
1310050532
2611440533
3212130534
4513520535
5114210536
2426450540
3020140541
4321530542
5622220543
6223610544
0524300545
1125060546
5430230550
6031620551
0332310552
1633000553
2234460554
3535150555
4136540556
1441010560
2042400561
3343160562
4644550563
5245240564
6546630565
0140320566
2261630600
3562320601
4163010602
5464400603
6065160604
0366550605
1660240606
5202410610
6503100611
0104560612
1405250613
2006640614
3300330615
4601020616
1213260620
2514650621
3115340622
4416030623
5010420624
6311110625
0612500626
4224040630
5525430631
6126120632
0420510633
1021200634
2322660635
3623350636
0235520640
1536210641
2130600642
3431360643
4032050644
5333440645
6634130646
3246300650
4540060651
5141450652
6442140653
0043530654
1344220655
2645610656
6250150660
0551540661
1152230662
2453620663
3054310664
4355000665
5656460666
0541311000
1142001001
2443461002
3044151003
4345541004
5646231005
6240621006
3552161010
4153551011
5454241012
6055631013
0356321014
1650011015
2251401016
6563641020
0164331021
1465021022
2066411023
3360101024
4661561025
5262251026
2504421030
3105111031
4406501032
5000261033
6301651034
0602341035
1203031036
5515201040
6116661041
0410351042
1011041043
2312431044
3613121045
4214511046
1526051050
2120441051
3421131052
4022521053
5323211054
6624601055
0225361056
4530531060
5131221061
6432611062
0033301063
1334061064
2635451065
3236141066
5350451100
6651141101
0252531102
1553221103
2154611104
3455301105
4056061106
1361231110
2662621111
3263311112
4564001113
5165461114
6466151115
0060541116
4302011120
5603401121
6204161122
0505551123
1106241124
2400631125
3001321126
0313561130
1614251131
2215641132
3516331133
4110021134
5411411135
6012101136
3324341140
4625031141
5226421142
6520111143
0121501144
1422261145
2023651146
6335121150
0636511151
1230201152
2531661153
3132351154
4433041155
5034431156
2346601160
3640361161
4241051162
5542441163
6143131164
0444521165
1045211166
3166521200
4460211201
5061601202
6362361203
0663051204
1264441205
2565131206
6100301210
0401061211
1002451212
2303141213
3604531214
4205221215
5506611216
2111151220
3412541221
4013231222
5314621223
6615311224
0216001225
1510461226
5122631230
6423321231
0024011232
1325401233
2626161234
3220551235
4521241236
1133411240
2434101241
3035561242
4336251243
5630641244
6231331245
0532021246
4144261250
5445651251
6046341252
0340031253
1641421254
2242111255
3543501256
0155041260
1456431261
2050121262
3351511263
4652201264
5253661265
6554351266
1605661300
2206351301
3500041302
4101431303
5402121304
6003511305
0304201306
4616441310
5210131311
6511521312
0112211313
1413601314
2014361315
3315051316
0620221320
1221611321
2522301322
3123061323
4424451324
5025141325
6326531326
3631001330
4232461331
5533151332
6134541333
0435231334
1036621335
2330311336
6642551340
0243241341
1544631342
2145321343
3446011344
4040401345
5341161346
2653331350
3254021351
4555411352
5156101353
6450561354
0051251355
1352641356
5664111360
6265501361
0566261362
1160651363
2461341364
3062031365
4363421366
6414031400
0015421401
1316111402
2610501403
3211261404
4512651405
5113341406
2425511410
3026201411
4320661412
5621351413
6222041414
0523431415
1124121416
5436361420
6030051421
0331441422
1632131423
2233521424
3534211425
4135601426
1440141430
2041531431
3342221432
4643611433
5244301434
6545061435
0146451436
4451621440
5052311441
6353001442
0654461443
1255151444
2556541445
3150231446
0462401450
1063161451
2364551452
3665241453
4266631454
5560321455
6161011456
3403251460
4004641461
5305331462
6606021463
0200411464
1501101465
2102561466
4223101500
5524561501
6125251502
0426641503
1020331504
2321021505
3622411506
0234651510
1535341511
2136031512
3430421513
4031111514
5332501515
6633261516
3245431520
4546121521
5140511522
6441201523
0042661524
1343351525
2644041526
6256211530
0550601531
1151361532
2452051533
3053441534
4354131535
5655521536
2260061540
3561451541
4162141542
5463531543
6064221544
0365611545
1666301546
5201541550
6502231551
0103621552
1404311553
2005001554
3306461555
4600151556
1212321560
2513011561
3114401562
4415161563
5016551564
6310241565
0611631566
2032241600
3333631601
4634321602
5235011603
6536401604
0130161605
1431551606
5043021610
6344411611
0645101612
1246561613
2540251614
3141641615
4442331616
1054501620
2355261621
3656651622
4250341623
5551031624
6152421625
0453111626
4065351630
5366041631
6660431632
0261121633
1562511634
2163201635
3464661636
0006131640
1300521641
2601211642
3202601643
4503361644
5104051645
6405441646
3010611650
4311301651
5612061652
6213451653
0514141654
1115531655
2416221656
6021461660
0322151661
1623541662
2224231663
3525621664
4126311665
5420001666
0312622000
1613312001
2214002002
3515462003
4116152004
5410542005
6011232006
3323402010
4624162011
5225552012
6526242013
0120632014
1421322015
2022012016
6334252020
0635642021
1236332022
2530022023
3131412024
4432102025
5033562026
2345032030
3646422031
4240112032
5541502033
6142262034
0443652035
1044342036
5356512040
6650202041
0251662042
1552352043
2153042044
3454432045
4055122046
1360362050
2661052051
3262442052
4563132053
5164522054
6465212055
0066602056
4301142060
5602532061
6203222062
0504612063
1105302064
2406062065
3000452066
5121062100
6422452101
0023142102
1324532103
2625222104
3226612105
4520302106
1132542110
2433232111
3034622112
4335312113
5636002114
6230462115
0531152116
4143322120
5444012121
6045402122
0346162123
1640552124
2241242125
3542632126
0154102130
1455562131
2056252132
3350642133
4651332134
5252022135
6553412136
3165652140
4466342141
5060032142
6361422143
0662112144
1263502145
2564262146
6106432150
0400122151
1001512152
2302202153
3603662154
4204352155
5505042156
2110212160
3411602161
4012362162
5313052163
6614442164
0215132165
1516522166
3630132200
4231522201
5532212202
6133602203
0434362204
1035052205
2336442206
6641612210
0242302211
1543062212
2144452213
3445142214
4046532215
5340222216
2652462220
3253152221
4554542222
5155232223
6456622224
0050312225
1351002226
5663242230
6264632231
0565322232
1166012233
2460402234
3061162235
4362552236
1604022240
2205412241
3506102242
4100562243
5401252244
6002642245
0303332246
4615502250
5216262251
6510652252
0111342253
1412032254
2013422255
3314112256
0626352260
1220042261
2521432262
3122122263
4423512264
5024202265
6325662266
1446202300
2040662301
3341352302
4642042303
5243432304
6544122305
0145512306
4450052310
5051442311
6352132312
0653522313
1254212314
2555602315
3156362316
0461532320
1062222321
2363612322
3664302323
4265062324
5566452325
6160142326
3402312330
4003002331
5304462332
6605152333
0206542334
1500232335
2101622336
6413162340
0014552341
1315242342
2616632343
3210322344
4511012345
5112402346
2424642350
3025332351
4326022352
5620412353
6221102354
0522562355
1123252356
5435422360
6036112361
0330502362
1631262363
2232652364
3533342365
4134032366
6255342400
0556032401
1150422402
2451112403
3052502404
4353262405
5654652406
2266122410
3560512411
4161202412
5462662413
6063352414
0364042415
1665432416
5200602420
6501362421
0102052422
1403442423
2004132424
3305522425
4606212426
1211452430
2512142431
3113532432
4414222433
5015612434
6316302435
0610062436
4222232440
5523622441
6124312442
0425002443
1026462444
2320152445
3621542446
0233012450
1534402451
2135162452
3436552453
4030242454
5331632455
6632322456
3244562460
4545252461
5146642462
6440332463
0041022464
1342412465
2643102466
4064412500
5365102501
6666562502
0260252503
1561642504
2162332505
3463022506
0005262510
1306652511
2600342512
3201032513
4502422514
5103112515
6404502516
3016042520
4310432521
5611122522
6212512523
0513202524
1114662525
2415352526
6020522530
0321212531
1622602532
2223362533
3524052534
4125442535
5426132536
2031302540
3332062541
4633452542
5234142543
6535532544
0136222545
1430612546
5042152550
6343542551
0644232552
1245622553
2546312554
3140002555
4441462556
1053632560
2354322561
3655012562
4256402563
5550162564
6151552565
0452242566
2503552600
3104242601
4405632602
5006322603
6300012604
0601402605
1202162606
5514332610
6115022611
0416412612
1010102613
2311562614
3612252615
4213642616
1525112620
2126502621
3420262622
4021652623
5322342624
6623032625
0224422626
4536662630
5130352631
6431042632
0032432633
1333122634
2634512635
3235202636
0540442640
1141132641
2442522642
3043212643
4344602644
5645362645
6246052646
3551222650
4152612651
5453302652
6054062653
0355452654
1656142655
2250532656
6562002660
0163462661
1464152662
2065542663
3366232664
4660622665
5261312666
0153233000
1454623001
2055313002
3356003003
4650463004
5251153005
6552543006
3164013010
4465403011
5066163012
6360553013
0661243014
1262633015
2563323016
6105563020
0406253021
1000643022
2301333023
3602023024
4203413025
5504103026
2116343030
3410033031
4011423032
5312113033
6613503034
0214263035
1515653036
5120123040
6421513041
0022203042
1323663043
2624353044
3225043045
4526433046
1131603050
2432363051
3033053052
4334443053
5635133054
6236523055
0530213056
4142453060
5443143061
6044533062
0345223063
1646613064
2240303065
3541063066
5662303100
6263063101
0564453102
1165143103
2466533104
3060223105
4361613106
1603153110
2204543111
3505233112
4106623113
5400313114
6001003115
0302463116
4614633120
5215323121
6516013122
0110403123
1411163124
2012553125
3313243126
0625413130
1226103131
2520563132
3121253133
4422643134
5023333135
6324023136
3636263140
4230653141
5531343142
6132033143
0433423144
1034113145
2335503146
6640043150
0241433151
1542123152
2143513153
3444203154
4045663155
5346353156
2651523160
3252213161
4553603162
5154363163
6455053164
0056443165
1350133166
3401443200
4002133201
5303523202
6604213203
0205603204
1506363205
2100053206
6412223210
0013613211
1314303212
2615063213
3216453214
4510143215
5111533216
2423003220
3024463221
4325153222
5626543223
6220233224
0521623225
1122313226
5434553230
6035243231
0336633232
1630323233
2231013234
3532403235
4133163236
1445333240
2046023241
3340413242
4641103243
5242563244
6543253245
0144643246
4456113250
5050503251
6351263252
0652653253
1253343254
2554033255
3155423256
0460663260
1061353261
2362043262
3663433263
4264123264
5565513265
6166203266
1210513300
2511203301
3112663302
4413353303
5014043304
6315433305
0616123306
4221363310
5522053311
6123443312
0424133313
1025523314
2326213315
3620603316
0232143320
1533533321
2134223322
3435613323
4036303324
5330063325
6631453326
3243623330
4544313331
5145003332
6446463333
0040153334
1341543335
2642233336
6254403340
0555163341
1156553342
2450243343
3051633344
4352323345
5653013346
2265253350
3566643351
4160333352
5461023353
6062413354
0363103355
1664563356
5206033360
6500423361
0101113362
1402503363
2003263364
3304653365
4605343366
6026653400
0320343401
1621033402
2222423403
3523113404
4124503405
5425263406
2030433410
3331123411
4632513412
5233203413
6534663414
0135353415
1436043416
5041213420
6342603421
0643363422
1244053423
2545443424
3146133425
4440523426
1052063430
2353453431
3654143432
4255533433
5556223434
6150613435
0451303436
4063543440
5364233441
6665623442
0266313443
1560003444
2161463445
3462153446
0004323450
1305013451
2606403452
3200163453
4501553454
5102243455
6403633456
3015103460
4316563461
5610253462
6211643463
0512333464
1113023465
2414413466
4535023500
5136413501
6430103502
0031563503
1332253504
2633643505
3234333506
0546503510
1140263511
2441653512
3042343513
4343033514
5644423515
6245113516
3550353520
4151043521
5452433522
6053123523
0354513524
1655203525
2256663526
6561133530
0162523531
1463213532
2064603533
3365363534
4666053535
5260443536
2502613540
3103303541
4404063542
5005453543
6306143544
0600533545
1201223546
5513463550
6114153551
0415543552
1016233553
2310623554
3611313555
4212003556
1524243560
2125633561
3426323562
4020013563
5321403564
6622163565
0223553566
2344163600
3645553601
4246243602
5540633603
6141323604
0442013605
1043403606
5355643610
6656333611
0250023612
1551413613
2152103614
3453563615
4054253616
1366423620
2660113621
3261503622
4562263623
5163653624
6464343625
0065033626
4300203630
5601663631
6202353632
0503043633
1104433634
2405123635
3006513636
0311053640
1612443641
2213133642
3514523643
4115213644
5416603645
6010363646
3322533650
4623223651
5224613652
6525303653
0126063654
1420453655
2021143656
6333313660
0634003661
1235463662
2536153663
3130543664
4431233665
5032623666
0624544000
1225234001
2526624002
3120314003
4421004004
5022464005
6323154006
3635324010
4236014011
5530404012
6131164013
0432554014
1033244015
2334634016
6646104020
0240564021
1541254022
2142644023
3443334024
4044024025
5345414026
2650654030
3251344031
4552034032
5153424033
6454114034
0055504035
1356264036
5661434040
6262124041
0563514042
1164204043
2465664044
3066354045
4360044046
1602214050
2203604051
3504364052
4105054053
5406444054
6000134055
0301524056
4613064060
5214454061
6515144062
0116534063
1410224064
2011614065
3312304066
5433614100
6034304101
0335064102
1636454103
2230144104
3531534105
4132224106
1444464110
2045154111
3346544112
4640234113
5241624114
6542314115
0143004116
4455244120
5056634121
6350324122
0651014123
1252404124
2553164125
3154554126
0466024130
1060414131
2361104132
3662564133
4263254134
5564644135
6165334136
3400504140
4001264141
5302654142
6603344143
0204034144
1505424145
2106114146
6411354150
0012044151
1313434152
2614124153
3215514154
4516204155
5110664156
2422134160
3023524161
4324214162
5625604163
6226364164
0520054165
1121444166
3242054200
4543444201
5144134202
6445524203
0046214204
1340604205
2641364206
6253534210
0554224211
1155614212
2456304213
3050064214
4351454215
5652144216
2264314220
3565004221
4166464222
5460154223
6061544224
0362234225
1663624226
5205164230
6506554231
0100244232
1401634233
2002324234
3303014235
4604404236
1216644240
2510334241
3111024242
4412414243
5013104244
6314564245
0615254246
4220424250
5521114251
6122504252
0423264253
1024654254
2325344255
3626034256
0231204260
1532664261
2133354262
3434044263
4035434264
5336124265
6630514266
1051124300
2352514301
3653204302
4254664303
5555354304
6156044305
0450434306
4062604310
5363364311
6664054312
0265444313
1566134314
2160524315
3461214316
0003454320
1304144321
2605534322
3206224323
4500614324
5101304325
6402064326
3014234330
4315624331
5616314332
6210004333
0511464334
1112154335
2413544336
6025014340
0326404341
1620164342
2221554343
3522244344
4123634345
5424324346
2036564350
3330254351
4631644352
5232334353
6533024354
0134414355
1435104356
5040344360
6341034361
0642424362
1243114363
2544504364
3145264365
4446654366
6560264400
0161654401
1462344402
2063034403
3364424404
4665114405
5266504406
2501044410
3102434411
4403124412
5004514413
6305204414
0606664415
1200354416
5512524420
6113214421
0414604422
1015364423
2316054424
3610444425
4211134426
1523304430
2124064431
3425454432
4026144433
5320534434
6621224435
0222614436
4534154440
5135544441
6436234442
0030624443
1331314444
2632004445
3233464446
0545634450
1146324451
2440014452
3041404453
4342164454
5643554455
6244244456
3556414460
4150104461
5451564462
6052254463
0353644464
1654334465
2255024466
4306334500
5600024501
6201414502
0502104503
1103564504
2404254505
3005644506
0310114510
1611504511
2212264512
3513654513
4114344514
5415034515
6016424516
3321664520
4622354521
5223044522
6524434523
0125124524
1426514525
2020204526
6332444530
0633134531
1234524532
2535214533
3136604534
4430364535
5031054536
2343224540
3644614541
4245304542
5546064543
6140454544
0441144545
1042534546
5354004550
6655464551
0256154552
1550544553
2151234554
3452624555
4053314556
1365554560
2666244561
3260634562
4561324563
5162014564
6463404565
0064164566
2115404600
3416164601
4010554602
5311244603
6612634604
0213324605
1514014606
5126254610
6420644611
0021334612
1322024613
2623414614
3224104615
4525564616
1130034620
2431424621
3032114622
4333504623
5634264624
6235654625
0536344626
4141514630
5442204631
6043664632
0344354633
1645044634
2246434635
3540124636
0152364640
1453054641
2054444642
3355134643
4656524644
5250214645
6551604646
3163144650
4464534651
5065224652
6366614653
0660304654
1261064655
2562454656
6104624660
0405314661
1006004662
2300464663
3601154664
4202544665
5503234666
0465155000
1066545001
2360235002
3661625003
4262315004
5563005005
6164465006
3406635010
4000325011
5301015012
6602405013
0203165014
1504555015
2105245016
6410415020
0011105021
1312565022
2613255023
3214645024
4515335025
5116025026
2421265030
3022655031
4323345032
5624035033
6225425034
0526115035
1120505036
5432045040
6033435041
0334125042
1635515043
2236205044
3530665045
4131355046
1443525050
2044215051
3345605052
4646365053
5240055054
6541445055
0142135056
4454305060
5055065061
6356455062
0650145063
1251535064
2552225065
3153615066
5204225100
6505615101
0106305102
1400065103
2001455104
3302145105
4603535106
1215005110
2516465111
3110155112
4411545113
5012235114
6313625115
0614315116
4226555120
5520245121
6121635122
0422325123
1023015124
2324405125
3625165126
0230335130
1531025131
2132415132
3433105133
4034565134
5335255135
6636645136
3241115140
4542505141
5143265142
6444655143
0045345144
1346035145
2640425146
6252665150
0553355151
1154045152
2455435153
3056125154
4350515155
5651205156
2263445160
3564135161
4165525162
5466215163
6060605164
0361365165
1662055166
3013365200
4314055201
5615445202
6216135203
0510525204
1111215205
2412605206
6024145210
0325535211
1626225212
2220615213
3521305214
4122065215
5423455216
2035625220
3336315221
4630005222
5231465223
6532155224
0133545225
1434235226
5046405230
6340165231
0641555232
1242245233
2543635234
3144325235
4445015236
1050255240
2351645241
3652335242
4253025243
5554415244
6155105245
0456565246
4061035250
5362425251
6663115252
0264505253
1565265254
2166655255
3460345256
0002515260
1303205261
2604665262
3205355263
4506045264
5100435265
6401125266
1522435300
2123125301
3424515302
4025205303
5326665304
6620355305
0221045306
4533215310
5134605311
6435365312
0036055313
1330445314
2631135315
3232525316
0544065320
1145455321
2446145322
3040535323
4341225324
5642615325
6243305326
3555545330
4156235331
5450625332
6051315333
0352005334
1653465335
2254155336
6566325340
0160015341
1461405342
2062165343
3363555344
4664245345
5265635346
2500105350
3101565351
4402255352
5003645353
6304335354
0605025355
1206415356
5511655360
6112345361
0413035362
1014425363
2315115364
3616505365
4210265366
6331505400
0632265401
1233655402
2534345403
3135035404
4436425405
5030115406
2342355410
3643045411
4244435412
5545125413
6146515414
0440205415
1041665416
5353135420
6654525421
0255215422
1556605423
2150365424
3451055425
4052445426
1364615430
2665305431
3266065432
4560455433
5161145434
6462535435
0063225436
4305465440
5606155441
6200545442
0501235443
1102625444
2403315445
3004005446
0316245450
1610635451
2211325452
3512015453
4113405454
5414165455
6015555456
3320025460
4621415461
5222105462
6523565463
0124255464
1425645465
2026335466
4140645500
5441335501
6042025502
0343415503
1644105504
2245565505
3546255506
0151425510
1452115511
2053505512
3354265513
4655655514
5256345515
6550035516
3162205520
4463665521
5064355522
6365045523
0666435524
1260125525
2561515526
6103055530
0404445531
1005135532
2306525533
3600215534
4201605535
5502365536
2114535540
3415225541
4016615542
5310305543
6611065544
0212455545
1513145546
5125315550
6426005551
0020465552
1321155553
2622545554
3223235555
4524625556
1136165560
2430555561
3031245562
4332635563
5633325564
6234015565
0535405566
2656015600
3250405601
4551165602
5152555603
6453245604
0054635605
1355325606
5660565610
6261255611
0562645612
1163335613
2464025614
3065415615
4366105616
1601345620
2202035621
3503425622
4104115623
5405505624
6006265625
0300655626
4612125630
5213515631
6514205632
0115665633
1416355634
2010045635
3311435636
0623605640
1224365641
2525055642
3126445643
4420135644
5021525645
6322215646
3634455650
4235145651
5536535652
6130225653
0431615654
1032305655
2333065656
6645235660
0246625661
1540315662
2141005663
3442465664
4043155665
5344545666
0236466000
1530156001
2131546002
3432236003
4033626004
5334316005
6635006006
3240246010
4541636011
5142326012
6443016013
0044406014
1345166015
2646556016
6251026020
0552416021
1153106022
2454566023
3055256024
4356646025
5650336026
2262506030
3563266031
4164656032
5465346033
6066036034
0360426035
1661116036
5203356040
6504046041
0105436042
1406126043
2000516044
3301206045
4602666046
1214136050
2515526051
3116216052
4410606053
5011366054
6312056055
0613446056
4225616060
5526306061
6120066062
0421456063
1022146064
2323536065
3624226066
5045536100
6346226101
0640616102
1241306103
2542066104
3143456105
4444146106
1056316110
2350006111
3651466112
4252156113
5553546114
6154236115
0455626116
4060166120
5361556121
6662246122
0263636123
1564326124
2165016125
3466406126
0001646130
1302336131
2603026132
3204416133
4505106134
5106566135
6400256136
3012426140
4313116141
5614506142
6215266143
0516656144
1110346145
2411036146
6023206150
0324666151
1625356152
2226046153
3520436154
4121126155
5422516156
2034056160
3335446161
4636136162
5230526163
6531216164
0132606165
1433366166
3554606200
4155366201
5456056202
6050446203
0351136204
1652526205
2253216206
6565456210
0166146211
1460536212
2061226213
3362616214
4663306215
5264066216
2506236220
3100626221
4401316222
5002006223
6303466224
0604156225
1205546226
5510016230
6111406231
0412166232
1013556233
2314246234
3615636235
4216326236
1521566240
2122256241
3423646242
4024336243
5325026244
6626416245
0220106246
4532346250
5133036251
6434426252
0035116253
1336506254
2630266255
3231656256
0543126260
1144516261
2445206262
3046666263
4340356264
5641046265
6242436266
1363046300
2664436301
3265126302
4566516303
5160206304
6461666305
0062356306
4304526310
5605216311
6206606312
0500366313
1101056314
2402446315
3003136316
0315306320
1616066321
2210456322
3511146323
4112536324
5413226325
6014616326
3326156330
4620546331
5221236332
6522626333
0123316334
1424006335
2025466336
6330636340
0631326341
1232016342
2533406343
3134166344
4435556345
5036246346
2341416350
3642106351
4243566352
5544256353
6145646354
0446336355
1040026356
5352266360
6653656361
0254346362
1555036363
2156426364
3450116365
4051506366
6102116400
0403506401
1004266402
2305656403
3606346404
4200036405
5501426406
2113666410
3414356411
4015046412
5316436413
6610126414
0211516415
1512206416
5124446420
6425136421
0026526422
1320216423
2621606424
3222366425
4523056426
1135226430
2436616431
3030306432
4331066433
5632456434
6233146435
0534536436
4146006440
5440466441
6041156442
0342546443
1643236444
2244626445
3545316446
0150556450
1451246451
2052636452
3353326453
4654016454
5255406455
6556166456
3161336460
4462026461
5063416462
6364106463
0665566464
1266256465
2560646466
4611256500
5212646501
6513336502
0114026503
1415416504
2016106505
3310566506
0622036510
1223426511
2524116512
3125506513
4426266514
5020656515
6321346516
3633516520
4234206521
5535666522
6136356523
0430046524
1031436525
2332126526
6644366530
0245056531
1546446532
2140136533
3441526534
4042216535
5343606536
2655146540
3256536541
4550226542
5151616543
6452306544
0053066545
1354456546
5666626550
6260316551
0561006552
1162466553
2463156554
3064546555
4365236556
1600406560
2201166561
3502556562
4103246563
5404636564
6005326565
0306016566
2420326600
3021016601
4322406602
5623166603
6224556604
0525246605
1126636606
5431106610
6032566611
0333256612
1634646613
2235336614
3536026615
4130416616
1442656620
2043346621
3344036622
4645426623
5246116624
6540506625
0141266626
4453436630
5054126631
6355516632
0656206633
1250666634
2551356635
3152046636
0464216640
1065606641
2366366642
3660056643
4261446644
5562136645
6163526646
3405066650
4006456651
5300146652
6601536653
0202226654
1503616655
2104306656
6416546660
0010236661
1311626662
2612316663
3213006664
4514466665
5115156666
1255200000
2556660001
3150350002
4451040003
5052430004
6353120005
0654510006
4266050010
5560440011
6161130012
0462520013
1063210014
2364600015
3665360016
0200530020
1501220021
2102610022
3403300023
4004060024
5305450025
6606140026
3211310030
4512000031
5113460032
6414150033
0015540034
1316230035
2610620036
6222160040
0523550041
1124240042
2425630043
3026320044
4320010045
5621400046
2233640050
3534330051
4135020052
5436410053
6030100054
0331560055
1632250056
5244420060
6545110061
0146500062
1440260063
2041650064
3342340065
4643030066
6064340100
0365030101
1666420102
2260110103
3561500104
4162260105
5463650106
2005120110
3306510111
4600200112
5201660113
6502350114
0103040115
1404430116
5016600120
6310360121
0611050122
1212440123
2513130124
3114520125
4415210126
1020450130
2321140131
3622530132
4223220133
5524610134
6125300135
0426060136
4031230140
5332620141
6633310142
0234000143
1535460144
2136150145
3430540146
0042010150
1343400151
2644160152
3245550153
4546240154
5140630155
6441320156
3053560160
4354250161
5655640162
6256330163
0550020164
1151410165
2452100166
4503410200
5104100201
6405560202
0006250203
1300640204
2601330205
3202020206
0514260210
1115650211
2416340212
3010030213
4311420214
5612110215
6213500216
3525040220
4126430221
5420120222
6021510223
0322200224
1623660225
2224350226
6536520230
0130210231
1431600232
2032360233
3333050234
4634440235
5235130236
2540300240
3141060241
4442450242
5043140243
6344530244
0645220245
1246610246
5551150250
6152540251
0453230252
1054620253
2355310254
3656000255
4250460256
1562630260
2163320261
3464010262
4065400263
5366160264
6660550265
0261240266
2312550300
3613240301
4214630302
5515320303
6116010304
0410400305
1011160306
5323330310
6624020311
0225410312
1526100313
2120560314
3421250315
4022640316
1334110320
2635500321
3236260322
4530650323
5131340324
6432030325
0033420326
4345660330
5646350331
6240040332
0541430333
1142120334
2443510335
3044200336
0356440340
1650130341
2251520342
3552210343
4153600344
5454360345
6055050346
3360220350
4661610351
5262300352
6563060353
0164450354
1465140355
2066530356
6301000360
0602460361
1203150362
2504540363
3105230364
4406620365
5000310366
0121620400
1422310401
2023000402
3324460403
4625150404
5226540405
6520230406
3132400410
4433160411
5034550412
6335240413
0636630414
1230320415
2531010416
6143250420
0444640421
1045330422
2346020423
3640410424
4241100425
5542560426
2154030430
3455420431
4056110432
5350500433
6651260434
0252650435
1553340436
5165510440
6466200441
0060660442
1361350443
2662040444
3263430445
4564120446
1106360450
2400050451
3001440452
4302130453
5603520454
6204210455
0505600456
4110140460
5411530461
6012220462
0313610463
1614300464
2215060465
3516450466
5630060500
6231450501
0532140502
1133530503
2434220504
3035610505
4336300506
1641540510
2242230511
3543620512
4144310513
5445000514
6046460515
0340150516
4652320520
5253010521
6554400522
0155160523
1456550524
2050240525
3351630526
0663100530
1264560531
2565250532
3166640533
4460330534
5061020535
6362410536
3604650540
4205340541
5506030542
6100420543
0401110544
1002500545
2303260546
6615430550
0216120551
1510510552
2111200553
3412660554
4013350555
5314040556
2626210560
3220600561
4521360562
5122050563
6423440564
0024130565
1325520566
3446130600
4040520601
5341210602
6642600603
0243360604
1544050605
2145440606
6450610610
0051300611
1352060612
2653450613
3254140614
4555530615
5156220616
2461460620
3062150621
4363540622
5664230623
6265620624
0566310625
1160000626
5402240630
6003630631
0304320632
1605010633
2206400634
3500160635
4101550636
1413020640
2014410641
3315100642
4616560643
5210250644
6511640645
0112330646
4424500650
5025260651
6326650652
0620340653
1221030654
2522420655
3123110656
0435350660
1036040661
2330430662
3631120663
4232510664
5533200665
6134660666
1026511000
2320201001
3621661002
4222351003
5523041004
6124431005
0425121006
4030361010
5331051011
6632441012
0233131013
1534521014
2135211015
3436601016
0041141020
1342531021
2643221022
3244611023
4545301024
5146061025
6440451026
3052621030
4353311031
5654001032
6255461033
0556151034
1150541035
2451231036
6063401040
0364161041
1665551042
2266241043
3560631044
4161321045
5462011046
2004251050
3305641051
4606331052
5200021053
6501411054
0102101055
1403561056
5015031060
6316421061
0610111062
1211501063
2512261064
3113651065
4414341066
6535651100
0136341101
1430031102
2031421103
3332111104
4633501105
5234261106
2546431110
3140121111
4441511112
5042201113
6343661114
0644351115
1245041116
5550211120
6151601121
0452361122
1053051123
2354441124
3655131125
4256521126
1561061130
2162451131
3463141132
4064531133
5365221134
6666611135
0260301136
4502541140
5103231141
6404621142
0005311143
1306001144
2600461145
3201151146
0513321150
1114011151
2415401152
3016161153
4310551154
5611241155
6212631156
3524101160
4125561161
5426251162
6020641163
0321331164
1622021165
2223411166
4344021200
5645411201
6246101202
0540561203
1141251204
2442641205
3043331206
0355501210
1656261211
2250651212
3551341213
4152031214
5453421215
6054111216
3366351220
4660041221
5261431222
6562121223
0163511224
1464201225
2065661226
6300131230
0601521231
1202211232
2503601233
3104361234
4405051235
5006441236
2311611240
3612301241
4213061242
5514451243
6115141244
0416531245
1010221246
5322461250
6623151251
0224541252
1525231253
2126621254
3420311255
4021001256
1333241260
2634631261
3235321262
4536011263
5130401264
6431161265
0032551266
2153161300
3454551301
4055241302
5356631303
6650321304
0251011305
1552401306
5164641310
6465331311
0066021312
1360411313
2661101314
3262561315
4563251316
1105421320
2406111321
3000501322
4301261323
5602651324
6203341325
0504031326
4116201330
5410661331
6011351332
0312041333
1613431334
2214121335
3515511336
0120051340
1421441341
2022131342
3323521343
4624211344
5225601345
6526361346
3131531350
4432221351
5033611352
6334301353
0635061354
1236451355
2530141356
6142311360
0443001361
1044461362
2345151363
3646541364
4240231365
5541621366
0662231400
1263621401
2564311402
3165001403
4466461404
5060151405
6361541406
3603011410
4204401411
5505161412
6106551413
0400241414
1001631415
2302321416
6614561420
0215251421
1516641422
2110331423
3411021424
4012411425
5313101426
2625341430
3226031431
4520421432
5121111433
6422501434
0023261435
1324651436
5636121440
6230511441
0531201442
1132661443
2433351444
3034041445
4335431446
1640601450
2241361451
3542051452
4143441453
5444131454
6045521455
0346211456
4651451460
5252141461
6553531462
0154221463
1455611464
2056301465
3350061466
5401301500
6002061501
0303451502
1604141503
2205531504
3506221505
4100611506
1412151510
2013541511
3314231512
4615621513
5216311514
6510001515
0111461516
4423631520
5024321521
6325011522
0626401523
1220161524
2521551525
3122241526
0434411530
1035101531
2336561532
3630251533
4231641534
5532331535
6133021536
3445261540
4046651541
5340341542
6641031543
0242421544
1543111545
2144501546
6456041550
0050431551
1351121552
2652511553
3253201554
4554661555
5155351556
2460521560
3061211561
4362601562
5663361563
6264051564
0565441565
1166131566
3210441600
4511131601
5112521602
6413211603
0014601604
1315361605
2616051606
6221221610
0522611611
1123301612
2424061613
3025451614
4326141615
5620531616
2232001620
3533461621
4134151622
5435541623
6036231624
0330621625
1631311626
5243551630
6544241631
0145631632
1446321633
2040011634
3341401635
4642161636
1254331640
2555021641
3156411642
4450101643
5051561644
6352251645
0653641646
4265111650
5566501651
6160261652
0461651653
1062341654
2363031655
3664421656
0206661660
1500351661
2101041662
3402431663
4003121664
5304511665
6605201666
1560122000
2161512001
3462202002
4063662003
5364352004
6665042005
0266432006
4501602010
5102362011
6403052012
0004442013
1305132014
2606522015
3200212016
0512452020
1113142021
2414532022
3015222023
4316612024
5610302025
6211062026
3523232030
4124622031
5425312032
6026002033
0320462034
1621152035
2222542036
6534012040
0135402041
1436162042
2030552043
3331242044
4632632045
5233322046
2545562050
3146252051
4440642052
5041332053
6342022054
0643412055
1244102056
5556342060
6150032061
0451422062
1052112063
2353502064
3654262065
4255652066
6306262100
0600652101
1201342102
2502032103
3103422104
4404112105
5005502106
2310042110
3611432111
4212122112
5513512113
6114202114
0415662115
1016352116
5321522120
6622212121
0223602122
1524362123
2125052124
3426442125
4020132126
1332302130
2633062131
3234452132
4535142133
5136532134
6430222135
0031612136
4343152140
5644542141
6245232142
0546622143
1140312144
2441002145
3042462146
0354632150
1655322151
2256012152
3550402153
4151162154
5452552155
6053242156
3365412160
4666102161
5260562162
6561252163
0162642164
1463332165
2064022166
4115332200
5416022201
6010412202
0311102203
1612562204
2213252205
3514642206
0126112210
1420502211
2021262212
3322652213
4623342214
5224032215
6525422216
3130662220
4431352221
5032042222
6333432223
0634122224
1235512225
2536202226
6141442230
0442132231
1043522232
2344212233
3645602234
4246362235
5540052236
2152222240
3453612241
4054302242
5355062243
6656452244
0250142245
1551532246
5163002250
6464462251
0065152252
1366542253
2660232254
3261622255
4562312256
1104552260
2405242261
3006632262
4300322263
5601012264
6202402265
0503162266
2624402300
3225162301
4526552302
5120242303
6421632304
0022322305
1323012306
5635252310
6236642311
0530332312
1131022313
2432412314
3033102315
4334562316
1646032320
2240422321
3541112322
4142502323
5443262324
6044652325
0345342326
4650512330
5251202331
6552662332
0153352333
1454042334
2055432335
3356122336
0661362340
1262052341
2563442342
3164132343
4465522344
5066212345
6360602346
3602142350
4203532351
5504222352
6105612353
0406302354
1000062355
2301452356
6613622360
0214312361
1515002362
2116462363
3410152364
4011542365
5312232366
0433542400
1034232401
2335622402
3636312403
4230002404
5531462405
6132152406
3444322410
4045012411
5346402412
6640162413
0241552414
1542242415
2143632416
6455102420
0056562421
1350252422
2651642423
3252332424
4553022425
5154412426
2466652430
3060342431
4361032432
5662422433
6263112434
0564502435
1165262436
5400432440
6001122441
0302512442
1603202443
2204662444
3505352445
4106042446
1411212450
2012602451
3313362452
4614052453
5215442454
6516132455
0110522456
4422062460
5023452461
6324142462
0625532463
1226222464
2520612465
3121302466
5242612500
6543302501
0144062502
1445452503
2046142504
3340532505
4641222506
1253462510
2554152511
3155542512
4456232513
5050622514
6351312515
0652002516
4264242520
5565632521
6166322522
0460012523
1061402524
2362162525
3663552526
0205022530
1506412531
2100102532
3401562533
4002252534
5303642535
6604332536
3216502540
4510262541
5111652542
6412342543
0013032544
1314422545
2615112546
6220352550
0521042551
1122432552
2423122553
3024512554
4325202555
5626662556
2231132560
3532522561
4133212562
5434602563
6035362564
0336052565
1630442566
3051052600
4352442601
5653132602
6254522603
0555212604
1156602605
2450362606
6062532610
0363222611
1664612612
2265302613
3566062614
4160452615
5461142616
2003312620
3304002621
4605462622
5206152623
6500542624
0101232625
1402622626
5014162630
6315552631
0616242632
1210632633
2511322634
3112012635
4413402636
1025642640
2326332641
3620022642
4221412643
5522102644
6123562645
0424252646
4036422650
5330112651
6631502652
0232262653
1533652654
2134342655
3435032656
0040202660
1341662661
2642352662
3243042663
4544432664
5145122665
6446512666
1331433000
2632123001
3233513002
4534203003
5135663004
6436353005
0030043006
4342213010
5643603011
6244363012
0545053013
1146443014
2440133015
3041523016
0353063020
1654453021
2255143022
3556533023
4150223024
5451613025
6052303026
3364543030
4665233031
5266623032
6560313033
0161003034
1462463035
2063153036
6305323040
0606013041
1200403042
2501163043
3102553044
4403243045
5004633046
2316103050
3610563051
4211253052
5512643053
6113333054
0414023055
1015413056
5320653060
6621343061
0222033062
1523423063
2124113064
3425503065
4026263066
6140503100
0441263101
1042653102
2343343103
3644033104
4245423105
5546113106
2151353110
3452043111
4053433112
5354123113
6655513114
0256203115
1550663116
5162133120
6463523121
0064213122
1365603123
2666363124
3260053125
4561443126
1103613130
2404303131
3005063132
4306453133
5600143134
6201533135
0502223136
4114463140
5415153141
6016543142
0310233143
1611623144
2212313145
3513003146
0125243150
1426633151
2020323152
3321013153
4622403154
5223163155
6524553156
3136023160
4430413161
5031103162
6332563163
0633253164
1234643165
2535333166
4656643200
5250333201
6551023202
0152413203
1453103204
2054563205
3355253206
0660423210
1261113211
2562503212
3163263213
4464653214
5065343215
6366033216
3601203220
4202663221
5503353222
6104043223
0405433224
1006123225
2300513226
6612053230
0213443231
1514133232
2115523233
3416213234
4010603235
5311363236
2623533240
3224223241
4525613242
5126303243
6420063244
0021453245
1322143246
5634313250
6235003251
0536463252
1130153253
2431543254
3032233255
4333623256
1645163260
2246553261
3540243262
4141633263
5442323264
6043013265
0344403266
2465013300
3066403301
4360163302
5661553303
6262243304
0563633305
1164323306
5406563310
6000253311
0301643312
1602333313
2203023314
3504413315
4105103316
1410343320
2011033321
3312423322
4613113323
5214503324
6515263325
0116653326
4421123330
5022513331
6323203332
0624663333
1225353334
2526043335
3120433336
0432603340
1033363341
2334053342
3635443343
4236133344
5530523345
6131213346
3443453350
4044143351
5345533352
6646223353
0240613354
1541303355
2142063356
6454233360
0055623361
1356313362
2650003363
3251463364
4552153365
5153543366
0204153400
1505543401
2106233402
3400623403
4001313404
5302003405
6603463406
3215633410
4516323411
5110013412
6411403413
0012163414
1313553415
2614243416
6226413420
0520103421
1121563422
2422253423
3023643424
4324333425
5625023426
2230263430
3531653431
4132343432
5433033433
6034423434
0335113435
1636503436
5241043440
6542433441
0143123442
1444513443
2045203444
3346663445
4640353446
1252523450
2553213451
3154603452
4455363453
5056053454
6350443455
0651133456
4263303460
5564063461
6165453462
0466143463
1060533464
2361223465
3662613466
5013223500
6314613501
0615303502
1216063503
2510453504
3111143505
4412533506
1024003510
2325463511
3626153512
4220543513
5521233514
6122623515
0423313516
4035553520
5336243521
6630633522
0231323523
1532013524
2133403525
3434163526
0046333530
1340023531
2641413532
3242103533
4543563534
5144253535
6445643536
3050113540
4351503541
5652263542
6253653543
0554343544
1155033545
2456423546
6061663550
0362353551
1663043552
2264433553
3565123554
4166513555
5460203556
2002443560
3303133561
4604523562
5205213563
6506603564
0100363565
1401053566
3522363600
4123053601
5424443602
6025133603
0326523604
1620213605
2221603606
6533143610
0134533611
1435223612
2036613613
3330303614
4631063615
5232453616
2544623620
3145313621
4446003622
5040463623
6341153624
0642543625
1243233626
5555403630
6156163631
0450553632
1051243633
2352633634
3653323635
4254013636
1566253640
2160643641
3461333642
4062023643
5363413644
6664103645
0265563646
4500033650
5101423651
6402113652
0003503653
1304263654
2605653655
3206343656
0511513660
1112203661
2413663662
3014353663
4315043664
5616433665
6210123666
1102044000
2403434001
3004124002
4305514003
5606204004
6200664005
0501354006
4113524010
5414214011
6015604012
0316364013
1610054014
2211444015
3512134016
0124304020
1425064021
2026454022
3320144023
4621534024
5222224025
6523614026
3135154030
4436544031
5030234032
6331624033
0632314034
1233004035
2534464036
6146634040
0440324041
1041014042
2342404043
3643164044
4244554045
5545244046
2150414050
3451104051
4052564052
5353254053
6654644054
0255334055
1556024056
5161264060
6462654061
0063344062
1364034063
2665424064
3266114065
4560504066
6611114100
0212504101
1513264102
2114654103
3415344104
4016034105
5310424106
2622664110
3223354111
4524044112
5125434113
6426124114
0020514115
1321204116
5633444120
6234134121
0535524122
1136214123
2430604124
3031364125
4332054126
1644224130
2245614131
3546304132
4140064133
5441454134
6042144135
0343534136
4655004140
5256464141
6550154142
0151544143
1452234144
2053624145
3354314146
0666554150
1260244151
2561634152
3162324153
4463014154
5064404155
6365164156
3600334160
4201024161
5502414162
6103104163
0404564164
1005254165
2306644166
4420254200
5021644201
6322334202
0623024203
1224414204
2525104205
3126564206
0431034210
1032424211
2333114212
3634504213
4235264214
5536654215
6130344216
3442514220
4043204221
5344664222
6645354223
0246044224
1540434225
2141124226
6453364230
0054054231
1355444232
2656134233
3250524234
4551214235
5152604236
2464144240
3065534241
4366224242
5660614243
6261304244
0562064245
1163454246
5405624250
6006314251
0300004252
1601464253
2202154254
3503544255
4104234256
1416404260
2010164261
3311554262
4612244263
5213634264
6514324265
0115014266
2236324300
3530014301
4131404302
5432164303
6033554304
0334244305
1635634306
5240104310
6541564311
0142254312
1443644313
2044334314
3345024315
4646414316
1251654320
2552344321
3153034322
4454424323
5055114324
6356504325
0650264326
4262434330
5563124331
6164514332
0465204333
1066664334
2360354335
3661044336
0203214340
1504604341
2105364342
3406054343
4000444344
5301134345
6602524346
3214064350
4515454351
5116144352
6410534353
0011224354
1312614355
2613304356
6225544360
0526234361
1120624362
2421314363
3022004364
4323464365
5624154366
0045464400
1346154401
2640544402
3241234403
4542624404
5143314405
6444004406
3056244410
4350634411
5651324412
6252014413
0553404414
1154164415
2455554416
6060024420
0361414421
1662104422
2263564423
3564254424
4165644425
5466334426
2001504430
3302264431
4603654432
5204344433
6505034434
0106424435
1400114436
5012354440
6313044441
0614434442
1215124443
2516514444
3110204445
4411664446
1023134450
2324524451
3625214452
4226604453
5520364454
6121054455
0422444456
4034614460
5335304461
6636064462
0230454463
1531144464
2132534465
3433224466
5554534500
6155224501
0456614502
1050304503
2351064504
3652454505
4253144506
1565314510
2166004511
3460464512
4061154513
5362544514
6663234515
0264624516
4506164520
5100554521
6401244522
0002634523
1303324524
2604014525
3205404526
0510644530
1111334531
2412024532
3013414533
4314104534
5615564535
6216254536
3521424540
4122114541
5423504542
6024264543
0325654544
1626344545
2220034546
6532204550
0133664551
1434354552
2035044553
3336434554
4630124555
5231514556
2543054560
3144444561
4445134562
5046524563
6340214564
0641604565
1242364566
3363604600
4664364601
5265054602
6566444603
0160134604
1461524605
2062214606
6304454610
0605144611
1206534612
2500224613
3101614614
4402304615
5003064616
2315234620
3616624621
4210314622
5511004623
6112464624
0413154625
1014544626
5326014630
6620404631
0221164632
1522554633
2123244634
3424634635
4025324636
1330564640
2631254641
3232644642
4533334643
5134024644
6435414645
0036104646
4341344650
5642034651
6243424652
0544114653
1145504654
2446264655
3040654656
0352124660
1653514661
2254204662
3555664663
4156354664
5450044665
6051434666
1643355000
2244045001
3545435002
4146125003
5440515004
6041205005
0342665006
4654135010
5255525011
6556215012
0150605013
1451365014
2052055015
3353445016
0665615020
1266305021
2560065022
3161455023
4462145024
5063535025
6364225026
3606465030
4200155031
5501545032
6102235033
0403625034
1004315035
2305005036
6610245040
0211635041
1512325042
2113015043
3414405044
4015165045
5316555046
2621025050
3222415051
4523105052
5124565053
6425255054
0026645055
1320335056
5632505060
6233265061
0534655062
1135345063
2436035064
3030425065
4331115066
6452425100
0053115101
1354505102
2655265103
3256655104
4550345105
5151035106
2463205110
3064665111
4365355112
5666045113
6260435114
0561125115
1162515116
5404055120
6005445121
0306135122
1600525123
2201215124
3502605125
4103365126
1415535130
2016225131
3310615132
4611305133
5212065134
6513455135
0114145136
4426315140
5020005141
6321465142
0622155143
1223545144
2524235145
3125625146
0430165150
1031555151
2332245152
3633635153
4234325154
5535015155
6136405156
3441645160
4042335161
5343025162
6644415163
0245105164
1546565165
2140255166
4261565200
5562255201
6163645202
0464335203
1065025204
2366415205
3660105206
0202345210
1503035211
2104425212
3405115213
4006505214
5300265215
6601655216
3213125220
4514515221
5115205222
6416665223
0010355224
1311045225
2612435226
6224605230
0525365231
1126055232
2420445233
3021135234
4322525235
5623215236
2235455240
3536145241
4130535242
5431225243
6032615244
0333305245
1634065246
5246235250
6540625251
0141315252
1442005253
2043465254
3344155255
4645545256
1250015260
2551405261
3152165262
4453555263
5054245264
6355635265
0656325266
2000635300
3301325301
4602015302
5203405303
6504165304
0105555305
1406245306
5011415310
6312105311
0613565312
1214255313
2515645314
3116335315
4410025316
1022265320
2323655321
3624345322
4225035323
5526425324
6120115325
0421505326
4033045330
5334435331
6635125332
0236515333
1530205334
2131665335
3432355336
0044525340
1345215341
2646605342
3240365343
4541055344
5142445345
6443135346
3055305350
4356065351
5650455352
6251145353
0552535354
1153225355
2454615356
6066155360
0360545361
1661235362
2262625363
3563315364
4164005365
5465465366
0516005400
1110465401
2411155402
3012545403
4313235404
5614625405
6215315406
3520555410
4121245411
5422635412
6023325413
0324015414
1625405415
2226165416
6531335420
0132025421
1433415422
2034105423
3335565424
4636255425
5230645426
2542115430
3143505431
4444265432
5045655433
6346345434
0640035435
1241425436
5553665440
6154355441
0455045442
1056435443
2350125444
3651515445
4252205446
1564445450
2165135451
3466525452
4060215453
5361605454
6662365455
0263055456
4505225460
5106615461
6400305462
0001065463
1302455464
2603145465
3204535466
5325145500
6626535501
0220225502
1521615503
2122305504
3423065505
4024455506
1336625510
2630315511
3231005512
4532465513
5133155514
6434545515
0035235516
4340405520
5641165521
6242555522
0543245523
1144635524
2445325525
3046015526
0351255530
1652645531
2253335532
3554025533
4155415534
5456105535
6050565536
3362035540
4663425541
5264115542
6565505543
0166265544
1460655545
2061345546
6303515550
0604205551
1205665552
2506355553
3100045554
4401435555
5002125556
2314365560
3615055561
4216445562
5510135563
6111525564
0412215565
1013605566
3134215600
4435605601
5036365602
6330055603
0631445604
1232135605
2533525606
6145065610
0446455611
1040145612
2341535613
3642225614
4243615615
5544305616
2156545620
3450235621
4051625622
5352315623
6653005624
0254465625
1555155626
5160325630
6461015631
0062405632
1363165633
2664555634
3265245635
4566635636
1101105640
2402565641
3003255642
4304645643
5605335644
6206025645
0500415646
4112655650
5413345651
6014035652
0315425653
1616115654
2210505655
3511265656
0123435660
1424125661
2025515662
3326205663
4620665664
5221355665
6522045666
1414666000
2015356001
3316046002
4610436003
5211126004
6512516005
0113206006
4425446010
5026136011
6320526012
0621216013
1222606014
2523366015
3124056016
0436226020
1030616021
2331306022
3632066023
4233456024
5534146025
6135536026
3440006030
4041466031
5342156032
6643546033
0244236034
1545626035
2146316036
6451556040
0052246041
1353636042
2654326043
3255016044
4556406045
5150166046
2462336050
3063026051
4364416052
5665106053
6266566054
0560256055
1161646056
5403116060
6004506061
0305266062
1606656063
2200346064
3501036065
4102426066
6223036100
0524426101
1125116102
2426506103
3020266104
4321656105
5622346106
2234516110
3535206111
4136666112
5430356113
6031046114
0332436115
1633126116
5245366120
6546056121
0140446122
1441136123
2042526124
3343216125
4644606126
1256146130
2550536131
3151226132
4452616133
5053306134
6354066135
0655456136
4260626140
5561316141
6162006142
0463466143
1064156144
2365546145
3666236146
0201406150
1502166151
2103556152
3404246153
4005636154
5306326155
6600016156
3212256160
4513646161
5114336162
6415026163
0016416164
1310106165
2611566166
4032106200
5333566201
6634256202
0235646203
1536336204
2130026205
3431416206
0043656210
1344346211
2645036212
3246426213
4540116214
5141506215
6442266216
3054436220
4355126221
5656516222
6250206223
0551666224
1152356225
2453046226
6065216230
0366606231
1660366232
2261056233
3562446234
4163136235
5464526236
2006066240
3300456241
4601146242
5202536243
6503226244
0104616245
1405306246
5010546250
6311236251
0612626252
1213316253
2514006254
3115466255
4416156256
1021326260
2322016261
3623406262
4224166263
5525556264
6126246265
0420636266
2541246300
3142636301
4443326302
5044016303
6345406304
0646166305
1240556306
5552026310
6153416311
0454106312
1055566313
2356256314
3650646315
4251336316
1563506320
2164266321
3465656322
4066346323
5360036324
6661426325
0262116326
4504356330
5105046331
6406436332
0000126333
1301516334
2602206335
3203666336
0515136340
1116526341
2410216342
3011606343
4312366344
5613056345
6214446346
3526616350
4120306351
5421066352
6022456353
0323146354
1624536355
2225226356
6530466360
0131156361
1432546362
2033236363
3334626364
4635316365
5236006366
0350316400
1651006401
2252466402
3553156403
4154546404
5455236405
6056626406
3361166410
4662556411
5263246412
6564636413
0165326414
1466016415
2060406416
6302646420
0603336421
1204026422
2505416423
3106106424
4400566425
5001256426
2313426430
3614116431
4215506432
5516266433
6110656434
0411346435
1012036436
5324206440
6625666441
0226356442
1520046443
2121436444
3422126445
4023516446
1335056450
2636446451
3230136452
4531526453
5132216454
6433606455
0034366456
4346536460
5640226461
6241616462
0542306463
1143066464
2444456465
3045146466
5166456500
6460146501
0061536502
1362226503
2663616504
3264306505
4565066506
1100236510
2401626511
3002316512
4303006513
5604466514
6205156515
0506546516
4111016520
5412406521
6013166522
0314556523
1615246524
2216636525
3510326526
0122566530
1423256531
2024646532
3325336533
4626026534
5220416535
6521106536
3133346540
4434036541
5035426542
6336116543
0630506544
1231266545
2532656546
6144126550
0445516551
1046206552
2340666553
3641356554
4242046555
5543436556
2155606560
3456366561
4050056562
5351446563
6652136564
0253526565
1554216566
3605526600
4206216601
5500606602
6101366603
0402056604
1003446605
2304136606
6616306610
0210066611
1511456612
2112146613
3413536614
4014226615
5315616616
2620156620
3221546621
4522236622
5123626623
6424316624
0025006625
1326466626
5631636630
6232326631
0533016632
1134406633
2435166634
3036556635
4330246636
1642416640
2243106641
3544566642
4145256643
5446646644
6040336645
0341026646
4653266650
5254656651
6555346652
0156036653
1450426654
2051116655
3352506656
0664046660
1265436661
2566126662
3160516663
4461206664
5062666665
6363356666
4023362000
5324052001
6625442002
0226132003
1520522004
2121212005
3422602006
0034142010
1335532011
2636222012
3230612013
4531302014
5132062015
6433452016
3045622020
4346312021
5640002022
6241462023
0542152024
1143542025
2444232026
6056402030
0350162031
1651552032
2252242033
3553632034
4154322035
5455012036
2060252040
3361642041
4662332042
5263022043
6564412044
0165102045
1466562046
5001032050
6302422051
0603112052
1204502053
2505262054
3106652055
4400342056
1012512060
2313202061
3614662062
4215352063
5516042064
6110432065
0411122066
2532432100
3133122101
4434512102
5035202103
6336662104
0630352105
1231042106
5543212110
6144602111
0445362112
1046052113
2340442114
3641132115
4242522116
1554062120
2155452121
3456142122
4050532123
5351222124
6652612125
0253302126
4565542130
5166232131
6460622132
0061312133
1362002134
2663462135
3264152136
0506322140
1100012141
2401402142
3002162143
4303552144
5604242145
6205632146
3510102150
4111562151
5412252152
6013642153
0314332154
1615022155
2216412156
6521652160
0122342161
1423032162
2024422163
3325112164
4626502165
5220262166
0341502200
1642262201
2243652202
3544342203
4145032204
5446422205
6040112206
3352352210
4653042211
5254432212
6555122213
0156512214
1450202215
2051662216
6363132220
0664522221
1265212222
2566602223
3160362224
4461052225
5062442226
2304612230
3605302231
4206062232
5500452233
6101142234
0402532235
1003222236
5315462240
6616152241
0210542242
1511232243
2112622244
3413312245
4014002246
1326242250
2620632251
3221322252
4522012253
5123402254
6424162255
0025552256
4330022260
5631412261
6232102262
0533562263
1134252264
2435642265
3036332266
5150642300
6451332301
0052022302
1353412303
2654102304
3255562305
4556252306
1161422310
2462112311
3063502312
4364262313
5665652314
6266342315
0560032316
4102202320
5403662321
6004352322
0305042323
1606432324
2200122325
3501512326
0113052330
1414442331
2015132332
3316522333
4610212334
5211602335
6512362336
3124532340
4425222341
5026612342
6320302343
0621062344
1222452345
2523142346
6135312350
0436002351
1030462352
2331152353
3632542354
4233232355
5534622356
2146162360
3440552361
4041242362
5342632363
6643322364
0244012365
1545402366
3666012400
4260402401
5561162402
6162552403
0463242404
1064632405
2365322406
6600562410
0201252411
1502642412
2103332413
3404022414
4005412415
5306102416
2611342420
3212032421
4513422422
5114112423
6415502424
0016262425
1310652426
5622122430
6223512431
0524202432
1125662433
2426352434
3020042435
4321432436
1633602440
2234362441
3535052442
4136442443
5430132444
6031522445
0332212446
4644452450
5245142451
6546532452
0140222453
1441612454
2042302455
3343062456
0655232460
1256622461
2550312462
3151002463
4452462464
5053152465
6354542466
1405152500
2006542501
3300232502
4601622503
5202312504
6503002505
0104462506
4416632510
5010322511
6311012512
0612402513
1213162514
2514552515
3115242516
0420412520
1021102521
2322562522
3623252523
4224642524
5525332525
6126022526
3431262530
4032652531
5333342532
6634032533
0235422534
1536112535
2130502536
6442042540
0043432541
1344122542
2645512543
3246202544
4540662545
5141352546
2453522550
3054212551
4355602552
5656362553
6250052554
0551442555
1152132556
5464302560
6065062561
0366452562
1660142563
2261532564
3562222565
4163612566
6214222600
0515612601
1116302602
2410062603
3011452604
4312142605
5613532606
2225002610
3526462611
4120152612
5421542613
6022232614
0323622615
1624312616
5236552620
6530242621
0131632622
1432322623
2033012624
3334402625
4635162626
1240332630
2541022631
3142412632
4443102633
5044562634
6345252635
0646642636
4251112640
5552502641
6153262642
0454652643
1055342644
2356032645
3650422646
0262662650
1563352651
2164042652
3465432653
4066122654
5360512655
6661202656
3203442660
4504132661
5105522662
6406212663
0000602664
1301362665
2602052666
5550101000
6151561001
0452251002
1053641003
2354331004
3655021005
4256411006
1561651010
2162341011
3463031012
4064421013
5365111014
6666501015
0260261016
4502431020
5103121021
6404511022
0005201023
1306661024
2600351025
3201041026
0513211030
1114601031
2415361032
3016051033
4310441034
5611131035
6212521036
3524061040
4125451041
5426141042
6020531043
0321221044
1622611045
2223301046
6535541050
0136231051
1430621052
2031311053
3332001054
4633461055
5234151056
2546321060
3140011061
4441401062
5042161063
6343551064
0644241065
1245631066
3366241100
4660631101
5261321102
6562011103
0163401104
1464161105
2065551106
6300021110
0601411111
1202101112
2503561113
3104251114
4405641115
5006331116
2311501120
3612261121
4213651122
5514341123
6115031124
0416421125
1010111126
5322351130
6623041131
0224431132
1525121133
2126511134
3420201135
4021661136
1333131140
2634521141
3235211142
4536601143
5130361144
6431051145
0032441146
4344611150
5645301151
6246061152
0540451153
1141141154
2442531155
3043221156
0355461160
1656151161
2250541162
3551231163
4152621164
5453311165
6054001166
1105311200
2406001201
3000461202
4301151203
5602541204
6203231205
0504621206
4116161210
5410551211
6011241212
0312631213
1613321214
2214011215
3515401216
0120641220
1421331221
2022021222
3323411223
4624101224
5225561225
6526251226
3131421230
4432111231
5033501232
6334261233
0635651234
1236341235
2530031236
6142201240
0443661241
1044351242
2345041243
3646431244
4240121245
5541511246
2153051250
3454441251
4055131252
5356521253
6650211254
0251601255
1552361256
5164531260
6465221261
0066611262
1360301263
2661061264
3262451265
4563141266
6614451300
0215141301
1516531302
2110221303
3411611304
4012301305
5313061306
2625231310
3226621311
4520311312
5121001313
6422461314
0023151315
1324541316
5636011320
6230401321
0531161322
1132551323
2433241324
3034631325
4335321326
1640561330
2241251331
3542641332
4143331333
5444021334
6045411335
0346101336
4651341340
5252031341
6553421342
0154111343
1455501344
2056261345
3350651346
0662121350
1263511351
2564201352
3165661353
4466351354
5060041355
6361431356
3603601360
4204361361
5505051362
6106441363
0400131364
1001521365
2302211366
4423521400
5024211401
6325601402
0626361403
1220051404
2521441405
3122131406
0434301410
1035061411
2336451412
3630141413
4231531414
5532221415
6133611416
3445151420
4046541421
5340231422
6641621423
0242311424
1543001425
2144461426
6456631430
0050321431
1351011432
2652401433
3253161434
4554551435
5155241436
2460411440
3061101441
4362561442
5663251443
6264641444
0565331445
1166021446
5401261450
6002651451
0303341452
1604031453
2205421454
3506111455
4100501456
1412041460
2013431461
3314121462
4615511463
5216201464
6510661465
0111351466
2232661500
3533351501
4134041502
5435431503
6036121504
0330511505
1631201506
5243441510
6544131511
0145521512
1446211513
2040601514
3341361515
4642051516
1254221520
2555611521
3156301522
4450061523
5051451524
6352141525
0653531526
4265001530
5566461531
6160151532
0461541533
1062231534
2363621535
3664311536
0206551540
1500241541
2101631542
3402321543
4003011544
5304401545
6605161546
3210331550
4511021551
5112411552
6413101553
0014561554
1315251555
2616641556
6221111560
0522501561
1123261562
2424651563
3025341564
4326031565
5620421566
0041031600
1342421601
2643111602
3244501603
4545261604
5146651605
6440341606
3052511610
4353201611
5654661612
6255351613
0556041614
1150431615
2451121616
6063361620
0364051621
1665441622
2266131623
3560521624
4161211625
5462601626
2004141630
3305531631
4606221632
5200611633
6501301634
0102061635
1403451636
5015621640
6316311641
0610001642
1211461643
2512151644
3113541645
4414231646
1026401650
2320161651
3621551652
4222241653
5523631654
6124321655
0425011656
4030251660
5331641661
6632331662
0233021663
1534411664
2135101665
3436561666
2140235551
3162065214
3115235322
0266665460
3130515163
6631425525
4522165440
1235435161
0524265245
5413325343
0320315600
0124045151
0546155534
3466505144
5644665112
6345245441
2306315220
5610425066
4653035024
4556335563
4261545662
2554005454
4361655305
0336105536
0254445310
2055355201
6330035365
4225015015
2116625054
2612415611
5050155205
1204565566
6101225421
5452605126
4654115402
1432315436
6435155006
1560045643
4041235105
3645025205
1242035620
3015345064
1023505511
2012135142
6160605656
3454315045
2460555303
2405165134
1514655220
5633205660
1343225030
2234445635
6245615513
0041335646
5556465031
1603125316
3002245330
6501445560
2616505535
1345635232
3203435403
5300165054
0020625434
5126325162
4612615324
6116655661
0062245056
6234505252
6153045110
4331465252
6002015361
2332225544
0535525023
2104405604
3513645522
3244325020
4303265166
2444135351
1155005462
6250625041
5112515425
4664345233
5200235246
1121315352
6133135622
4604525140
1526405426
0601235235
4256415206
0640515032
5366215502
1442345260
5324625106
4223055525
1250355461
4560565403
1444025614
2532605015
2461015220
0325635246
3651405312
6562305124
4161415130
5032445203
3246205354
3666355504
1036025344
2405245665
1641545023
3612465253
5441165400
3526035045
2551105026
3141135615
6421455552
3634565620
0106425363
3665305052
6205125044
