0000000000
3011550010
6022330020
2033110030
5044660040
1055440050
4066220060
5516140100
1520620110
4531400120
0542250130
3553030140
6564510150
2505360160
3325210200
6336060210
2340540220
5351320230
1362100240
4303650250
0314430260
1134350300
4145130310
0156610320
3160460330
6101240340
2112020350
5123500360
6643420400
2654200410
5665050420
1606530430
4610310440
0621160450
3632640460
4452560500
0463340510
3404120520
6415600530
2426450540
5430230550
1441010560
2261630600
5202410610
1213260620
4224040630
0235520640
3246300650
6250150660
0541311000
3552161010
6563641020
2504421030
5515201040
1526051050
4530531060
5350451100
1361231110
4302011120
0313561130
3324341140
6335121150
2346601160
3166521200
6100301210
2111151220
5122631230
1133411240
4144261250
0155041260
1605661300
4616441310
0620221320
3631001330
6642551340
2653331350
5664111360
6414031400
2425511410
5436361420
1440141430
4451621440
0462401450
3403251460
4223101500
0234651510
3245431520
6256211530
2260061540
5201541550
1212321560
2032241600
5043021610
1054501620
4065351630
0006131640
3010611650
6021461660
0312622000
3323402010
6334252020
2345032030
5356512040
1360362050
4301142060
5121062100
1132542110
4143322120
0154102130
3165652140
6106432150
2110212160
3630132200
6641612210
2652462220
5663242230
1604022240
4615502250
0626352260
1446202300
4450052310
0461532320
3402312330
6413162340
2424642350
5435422360
6255342400
2266122410
5200602420
1211452430
4222232440
0233012450
3244562460
4064412500
0005262510
3016042520
6020522530
2031302540
5042152550
1053632560
2503552600
5514332610
1525112620
4536662630
0540442640
3551222650
6562002660
0153233000
3164013010
6105563020
2116343030
5120123040
1131603050
4142453060
5662303100
1603153110
4614633120
0625413130
3636263140
6640043150
2651523160
3401443200
6412223210
2423003220
5434553230
1445333240
4456113250
0460663260
1210513300
4221363310
0232143320
3243623330
6254403340
2265253350
5206033360
6026653400
2030433410
5041213420
1052063430
4063543440
0004323450
3015103460
4535023500
0546503510
3550353520
6561133530
2502613540
5513463550
1524243560
2344163600
5355643610
1366423620
4300203630
0311053640
3322533650
6333313660
0624544000
3635324010
6646104020
2650654030
5661434040
1602214050
4613064060
5433614100
1444464110
4455244120
0466024130
3400504140
6411354150
2422134160
3242054200
6253534210
2264314220
5205164230
1216644240
4220424250
0231204260
1051124300
4062604310
0003454320
3014234330
6025014340
2036564350
5040344360
6560264400
2501044410
5512524420
1523304430
4534154440
0545634450
3556414460
4306334500
0310114510
3321664520
6332444530
2343224540
5354004550
1365554560
2115404600
5126254610
1130034620
4141514630
0152364640
3163144650
6104624660
0465155000
3406635010
6410415020
2421265030
5432045040
1443525050
4454305060
5204225100
1215005110
4226555120
0230335130
3241115140
6252665150
2263445160
3013365200
6024145210
2035625220
5046405230
1050255240
4061035250
0002515260
1522435300
4533215310
0544065320
3555545330
6566325340
2500105350
5511655360
6331505400
2342355410
5353135420
1364615430
4305465440
0316245450
3320025460
4140645500
0151425510
3162205520
6103055530
2114535540
5125315550
1136165560
2656015600
5660565610
1601345620
4612125630
0623605640
3634455650
6645235660
0236466000
3240246010
6251026020
2262506030
5203356040
1214136050
4225616060
5045536100
1056316110
4060166120
0001646130
3012426140
6023206150
2034056160
3554606200
6565456210
2506236220
5510016230
1521566240
4532346250
0543126260
1363046300
4304526310
0315306320
3326156330
6330636340
2341416350
5352266360
6102116400
2113666410
5124446420
1135226430
4146006440
0150556450
3161336460
4611256500
0622036510
3633516520
6644366530
2655146540
5666626550
1600406560
2420326600
5431106610
1442656620
4453436630
0464216640
3405066650
6416546660
1301460001
4312240011
0323020021
3334500031
6345350041
2356130051
5360610061
6110530101
2121310111
5132160121
1143640131
4154420141
0165200151
3106050161
4626600201
0630450211
3641230221
6652010231
2663560241
5604340251
1615120261
2435040301
5446520311
1450300321
4461150331
0402630341
3413410351
6424260361
0244110401
3255660411
6266440421
2200220431
5211000441
1222550451
4233330461
5053250501
1064030511
4005510521
0016360531
3020140541
6031620551
2042400561
3562320601
6503100611
2514650621
5525430631
1536210641
4540060651
0551540661
1142001001
4153551011
0164331021
3105111031
6116661041
2120441051
5131221061
6651141101
2662621111
5603401121
1614251131
4625031141
0636511151
3640361161
4460211201
0401061211
3412541221
6423321231
2434101241
5445651251
1456431261
2206351301
5210131311
1221611321
4232461331
0243241341
3254021351
6265501361
0015421401
3026201411
6030051421
2041531431
5052311441
1063161451
4004641461
5524561501
1535341511
4546121521
0550601531
3561451541
6502231551
2513011561
3333631601
6344411611
2355261621
5366041631
1300521641
4311301651
0322151661
1613312001
4624162011
0635642021
3646422031
6650202041
2661052051
5602532061
6422452101
2433232111
5444012121
1455562131
4466342141
0400122151
3411602161
4231522201
0242302211
3253152221
6264632231
2205412241
5216262251
1220042261
2040662301
5051442311
1062222321
4003002331
0014552341
3025332351
6036112361
0556032401
3560512411
6501362421
2512142431
5523622441
1534402451
4545252461
5365102501
1306652511
4310432521
0321212531
3332062541
6343542551
2354322561
3104242601
6115022611
2126502621
5130352631
1141132641
4152612651
0163462661
1454623001
4465403011
0406253021
3410033031
6421513041
2432363051
5443143061
6263063101
2204543111
5215323121
1226103131
4230653141
0241433151
3252213161
4002133201
0013613211
3024463221
6035243231
2046023241
5050503251
1061353261
2511203301
5522053311
1533533321
4544313331
0555163341
3566643351
6500423361
0320343401
3331123411
6342603421
2353453431
5364233441
1305013451
4316563461
5136413501
1140263511
4151043521
0162523531
3103303541
6114153551
2125633561
3645553601
6656333611
2660113621
5601663631
1612443641
4623223651
0634003661
1225234001
4236014011
0240564021
3251344031
6262124041
2203604051
5214454061
6034304101
2045154111
5056634121
1060414131
4001264141
0012044151
3023524161
4543444201
0554224211
3565004221
6506554231
2510334241
5521114251
1532664261
2352514301
5363364311
1304144321
4315624331
0326404341
3330254351
6341034361
0161654401
3102434411
6113214421
2124064431
5135544441
1146324451
4150104461
5600024501
1611504511
4622354521
0633134531
3644614541
6655464551
2666244561
3416164601
6420644611
2431424621
5442204631
1453054641
4464534651
0405314661
1066545001
4000325011
0011105021
3022655031
6033435041
2044215051
5055065061
6505615101
2516465111
5520245121
1531025131
4542505141
0553355151
3564135161
4314055201
0325535211
3336315221
6340165231
2351645241
5362425251
1303205261
2123125301
5134605311
1145455321
4156235331
0160015341
3101565351
6112345361
0632265401
3643045411
6654525421
2665305431
5606155441
1610635451
4621415461
5441335501
1452115511
4463665521
0404445531
3415225541
6426005551
2430555561
3250405601
6261255611
2202035621
5213515631
1224365641
4235145651
0246625661
1530156001
4541636011
0552416021
3563266031
6504046041
2515526051
5526306061
6346226101
2350006111
5361556121
1302336131
4313116141
0324666151
3335446161
4155366201
0166146211
3100626221
6111406231
2122256241
5133036251
1144516261
2664436301
5605216311
1616066321
4620546331
0631326341
3642106351
6653656361
0403506401
3414356411
6425136421
2436616431
5440466441
1451246451
4462026461
5212646501
1223426511
4234206521
0245056531
3256536541
6260316551
2201166561
3021016601
6032566611
2043346621
5054126631
1065606641
4006456651
0010236661
2602150002
5613630012
1624410022
4635260032
0646040042
3650520052
6661300062
0411220102
3422000112
6433550122
2444330132
5455110142
1466660152
4400440162
5220360202
1231140212
4242620222
0253400232
3264250242
6205030252
2216510262
3036430302
6040210312
2051060322
5062540332
1003320342
4014100352
0025650362
1545500402
4556350412
0560130422
3501610432
6512460442
2523240452
5534020462
6354640502
2365420512
5306200522
1310050532
4321530542
0332310552
3343160562
4163010602
0104560612
3115340622
6126120632
2130600642
5141450652
1152230662
2443461002
5454241012
1465021022
4406501032
0410351042
3421131052
6432611062
0252531102
3263311112
6204161122
2215641132
5226421142
1230201152
4241051162
5061601202
1002451212
4013231222
0024011232
3035561242
6046341252
2050121262
3500041302
6511521312
2522301322
5533151332
1544631342
4555411352
0566261362
1316111402
4320661412
0331441422
3342221432
6353001442
2364551452
5305331462
6125251502
2136031512
5140511522
1151361532
4162141542
0103621552
3114401562
4634321602
0645101612
3656651622
6660431632
2601211642
5612061652
1623541662
2214002002
5225552012
1236332022
4240112032
0251662042
3262442052
6203222062
0023142102
3034622112
6045402122
2056252132
5060032142
1001512152
4012362162
5532212202
1543062212
4554542222
0565322232
3506102242
6510652252
2521432262
3341352302
6352132312
2363612322
5304462332
1315242342
4326022352
0330502362
1150422402
4161202412
0102052422
3113532432
6124312442
2135162452
5146642462
6666562502
2600342512
5611122522
1622602532
4633452542
0644232552
3655012562
4405632602
0416412612
3420262622
6431042632
2442522642
5453302652
1464152662
2055313002
5066163012
1000643022
4011423032
0022203042
3033053052
6044533062
0564453102
3505233112
6516013122
2520563132
5531343142
1542123152
4553603162
5303523202
1314303212
4325153222
0336633232
3340413242
6351263252
2362043262
3112663302
6123443312
2134223322
5145003332
1156553342
4160333352
0101113362
1621033402
4632513412
0643363422
3654143432
6665623442
2606403452
5610253462
6430103502
2441653512
5452433522
1463213532
4404063542
0415543552
3426323562
4246243602
0250023612
3261503622
6202353632
2213133642
5224613652
1235463662
2526624002
5530404012
1541254022
4552034032
0563514042
3504364052
6515144062
0335064102
3346544112
6350324122
2361104132
5302654142
1313434152
4324214162
5144134202
1155614212
4166464222
0100244232
3111024242
6122504252
2133354262
3653204302
6664054312
2605534322
5616314332
1620164342
4631644352
0642424362
1462344402
4403124412
0414604422
3425454432
6436234442
2440014452
5451564462
6201414502
2212264512
5223044522
1234524532
4245304542
0256154552
3260634562
4010554602
0021334612
3032114622
6043664632
2054444642
5065224652
1006004662
2360235002
5301015012
1312565022
4323345032
0334125042
3345605052
6356455062
0106305102
3110155112
6121635122
2132415132
5143265142
1154045152
4165525162
5615445202
1626225212
4630005222
0641555232
3652335242
6663115252
2604665262
3424515302
6435365312
2446145322
5450625332
1461405342
4402255352
0413035362
1233655402
4244435412
0255215422
3266065432
6200545442
2211325452
5222105462
6042025502
2053505512
5064355522
1005135532
4016615542
0020465552
3031245562
4551165602
0562645612
3503425622
6514205632
2525055642
5536535652
1540315662
2131546002
5142326012
1153106022
4164656032
0105436042
3116216052
6120066062
0640616102
3651466112
6662246122
2603026132
5614506142
1625356152
4636136162
5456056202
1460536212
4401316222
0412166232
3423646242
6434426252
2445206262
3265126302
6206606312
2210456322
5221236332
1232016342
4243566352
0254346362
1004266402
4015046412
0026526422
3030306432
6041156442
2052636452
5063416462
6513336502
2524116512
5535666522
1546446532
4550226542
0561006552
3502556562
4322406602
0333256612
3344036622
6355516632
2366366642
5300146652
1311626662
3203540003
6214320013
2225100023
5236650033
1240430043
4251210053
0262060063
1012610103
4023460113
0034240123
3045020133
6056500143
2060350153
5001130163
6521050203
2532530213
5543310223
1554160233
4565640243
0506420253
3510200263
4330120303
0341600313
3352450323
6363230333
2304010343
5315560353
1326340363
2146260403
5150040413
1161520423
4102300433
0113150443
3124630453
6135410463
0655330503
3666110513
6600660523
2611440533
5622220543
1633000553
4644550563
5464400603
1405250613
4416030623
0420510633
3431360643
6442140653
2453620663
3044151003
6055631013
2066411023
5000261033
1011041043
4022521053
0033301063
1553221103
4564001113
0505551123
3516331133
6520111143
2531661153
5542441163
6362361203
2303141213
5314621223
1325401233
4336251243
0340031253
3351511263
4101431303
0112211313
3123061323
6134541333
2145321343
5156101353
1160651363
2610501403
5621351413
1632131423
4643611433
0654461443
3665241453
6606021463
0426641503
3430421513
6441201523
2452051533
5463531543
1404311553
4415161563
5235011603
1246561613
4250341623
0261121633
3202601643
6213451653
2224231663
3515462003
6526242013
2530022023
5541502033
1552352043
4563132053
0504612063
1324532103
4335312113
0346162123
3350642133
6361422143
2302202153
5313052163
6133602203
2144452213
5155232223
1166012233
4100562243
0111342253
3122122263
4642042303
0653522313
3664302323
6605152333
2616632343
5620412353
1631262363
2451112403
5462662413
1403442423
4414222433
0425002443
3436552453
6440332463
0260252503
3201032513
6212512523
2223362533
5234142543
1245622553
4256402563
5006322603
1010102613
4021652623
0032432633
3043212643
6054062653
2065542663
3356003003
6360553013
2301333023
5312113033
1323663043
4334443053
0345223063
1165143103
4106623113
0110403123
3121253133
6132033143
2143513153
5154363163
6604213203
2615063213
5626543223
1630323233
4641103243
0652653253
3663433263
4413353303
0424133313
3435613323
6446463333
2450243343
5461023353
1402503363
2222423403
5233203413
1244053423
4255533433
0266313443
3200163453
6211643463
0031563503
3042343513
6053123523
2064603533
5005453543
1016233553
4020013563
5540633603
1551413613
4562263623
0503043633
3514523643
6525303653
2536153663
3120314003
6131164013
2142644023
5153424033
1164204043
4105054053
0116534063
1636454103
4640234113
0651014123
3662564133
6603344143
2614124153
5625604163
6445524203
2456304213
5460154223
1401634233
4412414243
0423264253
3434044263
4254664303
0265444313
3206224323
6210004333
2221554343
5232334353
1243114363
2063034403
5004514413
1015364423
4026144433
0030624443
3041404453
6052254463
0502104503
3513654513
6524434523
2535214533
5546064543
1550544553
4561324563
5311244603
1322024613
4333504623
0344354633
3355134643
6366614653
2300464663
3661625003
6602405013
2613255023
5624035033
1635515043
4646365053
0650145063
1400065103
4411545113
0422325123
3433105133
6444655143
2455435153
5466215163
6216135203
2220615213
5231465223
1242245233
4253025243
0264505253
3205355263
4025205303
0036055313
3040535323
6051315333
2062165343
5003645353
1014425363
2534345403
5545125413
1556605423
4560455433
0501235443
3512015453
6523565463
0343415503
3354265513
6365045523
2306525533
5310305543
1321155553
4332635563
5152555603
1163335613
4104115623
0115665633
3126445643
6130225653
2141005663
3432236003
6443016013
2454566023
5465346033
1406126043
4410606053
0421456063
1241306103
4252156113
0263636123
3204416133
6215266143
2226046153
5230526163
6050446203
2061226213
5002006223
1013556233
4024336243
0035116253
3046666263
4566516303
0500366313
3511146323
6522626333
2533406343
5544256353
1555036363
2305656403
5316436413
1320216423
4331066433
0342546443
3353326453
6364106463
0114026503
3125506513
6136356523
2140136533
5151616543
1162466553
4103246563
5623166603
1634646613
4645426623
0656206633
3660056643
6601536653
2612316663
4504230004
0515010014
3526560024
6530340034
2541120044
5552600054
1563450064
2313300104
5324150114
1335630124
4346410134
0350260144
3361040154
6302520164
0122440204
3133220214
6144000224
2155550234
5166330244
1100110254
4111660264
5631510304
1642360314
4653140324
0664620334
3605400344
6616250354
2620030364
3440650404
6451430414
2462210424
5403060434
1414540444
4425320454
0436100464
1256020504
4260500514
0201350524
3212130534
6223610544
2234460554
5245240564
6065160604
2006640614
5010420624
1021200634
4032050644
0043530654
3054310664
4345541004
0356321014
3360101024
6301651034
2312431044
5323211054
1334061064
2154611104
5165461114
1106241124
4110021134
0121501144
3132351154
6143131164
0663051204
3604531214
6615311224
2626161234
5630641244
1641421254
4652201264
5402121304
1413601314
4424451324
0435231334
3446011344
6450561354
2461341364
3211261404
6222041414
2233521424
5244301434
1255151444
4266631454
0200411464
1020331504
4031111514
0042661524
3053441534
6064221544
2005001554
5016551564
6536401604
2540251614
5551031624
1562511634
4503361644
0514141654
3525621664
4116152004
0120632014
3131412024
6142262034
2153042044
5164522054
1105302064
2625222104
5636002114
1640552124
4651332134
0662112144
3603662154
6614442164
0434362204
3445142214
6456622224
2460402234
5401252244
1412032254
4423512264
5243432304
1254212314
4265062324
0206542334
3210322344
6221102354
2232652364
3052502404
6063352414
2004132424
5015612434
1026462444
4030242454
0041022464
1561642504
4502422514
0513202524
3524052534
6535532544
2546312554
5550162564
6300012604
2311562614
5322342624
1333122634
4344602644
0355452654
3366232664
4650463004
0661243014
3602023024
6613503034
2624353044
5635133054
1646613064
2466533104
5400313114
1411163124
4422643134
0433423144
3444203154
6455053164
0205603204
3216453214
6220233224
2231013234
5242563244
1253343254
4264123264
5014043304
1025523314
4036303324
0040153334
3051633344
6062413354
2003263364
3523113404
6534663414
2545443424
5556223434
1560003444
4501553454
0512333464
1332253504
4343033514
0354513524
3365363534
6306143544
2310623554
5321403564
6141323604
2152103614
5163653624
1104433634
4115213644
0126063654
3130543664
4421004004
0432554014
3443334024
6454114034
2465664044
5406444054
1410224064
2230144104
5241624114
1252404124
4263254134
0204034144
3215514154
6226364164
0046214204
3050064214
6061544224
2002324234
5013104244
1024654254
4035434264
5555354304
1566134314
4500614324
0511464334
3522244344
6533024354
2544504364
3364424404
6305204414
2316054424
5320534434
1331314444
4342164454
0353644464
1103564504
4114344514
0125124524
3136604534
6140454544
2151234554
5162014564
6612634604
2623414614
5634264624
1645044634
4656524644
0660304654
3601154664
4262315004
0203165014
3214645024
6225425034
2236205044
5240055054
1251535064
2001455104
5012235114
1023015124
4034565134
0045345144
3056125154
6060605164
0510525204
3521305214
6532155224
2543635234
5554415244
1565265254
4506045264
5326665304
1330445314
4341225324
0352005334
3363555344
6304335354
2315115364
3135035404
6146515414
2150365424
5161145434
1102625444
4113405454
0124255464
1644105504
4655655514
0666435524
3600215534
6611065544
2622545554
5633325564
6453245604
2464025614
5405505624
1416355634
4420135644
0431615654
3442465664
4033626004
0044406014
3055256024
6066036034
2000516044
5011366054
1022146064
2542066104
5553546114
1564326124
4505106134
0516656144
3520436154
6531216164
0351136204
3362616214
6303466224
2314246234
5325026244
1336506254
4340356264
5160206304
1101056314
4112536324
0123316334
3134166344
6145646354
2156426364
3606346404
6610126414
2621606424
5632456434
1643236444
4654016454
0665566464
1415416504
4426266514
0430046524
3441526534
6452306544
2463156554
5404636564
6224556604
2235336614
5246116624
1250666634
4261446644
0202226654
3213006664
5105620005
1116400015
4120250025
0131030035
3142510045
6153360055
2164140065
3614060105
6625540115
2636320125
5640100135
1651650145
4662430155
0603210165
1423130205
4434610215
0445460225
3456240235
6460020245
2401500255
5412350265
6232200305
2243050315
5254530325
1265310335
4206160345
0210640355
3221420365
4041340405
0052120415
3063600425
6004450435
2015230445
5026010455
1030560465
2550410505
5561260515
1502040525
4513520535
0524300545
3535150555
6546630565
0366550605
3300330615
6311110625
2322660635
5333440645
1344220655
4355000665
5646231005
1650011015
4661561025
0602341035
3613121045
6624601055
2635451065
3455301105
6466151115
2400631125
5411411135
1422261145
4433041155
0444521165
1264441205
4205221215
0216001225
3220551235
6231331245
2242111255
5253661265
6003511305
2014361315
5025141325
1036621335
4040401345
0051251355
3062031365
4512651405
0523431415
3534211425
6545061435
2556541445
5560321455
1501101465
2321021505
5332501515
1343351525
4354131535
0365611545
3306461555
6310241565
0130161605
3141641615
6152421625
2163201635
5104051645
1115531655
4126311665
5410542005
1421322015
4432102025
0443652035
3454432045
6465212055
2406062065
3226612105
6230462115
2241242125
5252022135
1263502145
4204352155
0215132165
1035052205
4046532215
0050312225
3061162235
6002642245
2013422255
5024202265
6544122305
2555602315
5566452325
1500232335
4511012345
0522562355
3533342365
4353262405
0364042415
3305522425
6316302435
2320152445
5331632455
1342412465
2162332505
5103112515
1114662525
4125442535
0136222545
3140002555
6151552565
0601402605
3612252615
6623032625
2634512635
5645362645
1656142655
4660622665
5251153005
1262633015
4203413025
0214263035
3225043045
6236523055
2240303065
3060223105
6001003115
2012553125
5023333135
1034113145
4045663155
0056443165
1506363205
4510143215
0521623225
3532403235
6543253245
2554033255
5565513265
6315433305
2326213315
5330063325
1341543335
4352323345
0363103355
3304653365
4124503405
0135353415
3146133425
6150613435
2161463445
5102243455
1113023465
2633643505
5644423515
1655203525
4666053535
0600533545
3611313555
6622163565
0442013605
3453563615
6464343625
2405123635
5416603645
1420453655
4431233665
5022464005
1033244015
4044024025
0055504035
3066354045
6000134055
2011614065
3531534105
6542314115
2553164125
5564644135
1505424145
4516204155
0520054165
1340604205
4351454215
0362234225
3303014235
6314564245
2325344255
5336124265
6156044305
2160524315
5101304325
1112154335
4123634345
0134414355
3145264365
4665114405
0606664415
3610444425
6621224435
2632004445
5643554455
1654334465
2404254505
5415034515
1426514525
4430364535
0441144545
3452624555
6463404565
0213324605
3224104615
6235654625
2246434635
5250214645
1261064655
4202544665
5563005005
1504555015
4515335025
0526115035
3530665045
6541445055
2552225065
3302145105
6313625115
2324405125
5335255135
1346035145
4350515155
0361365165
1111215205
4122065215
0133545225
3144325235
6155105245
2166655255
5100435265
6620355305
2631135315
5642615325
1653465335
4664245345
0605025355
3616505365
4436425405
0440205415
3451055425
6462535435
2403315445
5414165455
1425645465
2245565505
5256345515
1260125525
4201605535
0212455545
3223235555
6234015565
0054635605
3065415615
6006265625
2010045635
5021525645
1032305655
4043155665
5334316005
1345166015
4356646025
0360426035
3301206045
6312056055
2323536065
3143456105
6154236115
2165016125
5106566135
1110346145
4121126155
0132606165
1652526205
4663306215
0604156225
3615636235
6626416245
2630266255
5641046265
6461666305
2402446315
5413226325
1424006335
4435556345
0446336355
3450116365
4200036405
0211516415
3222366425
6233146435
2244626445
5255406455
1266256465
2016106505
5020656515
1031436525
4042216535
0053066545
3064546555
6005326565
0525246605
3536026615
6540506625
2551356635
5562136645
1503616655
4514466665
6406310006
2410160016
5421640026
1432420036
4443200046
0454050056
3465530066
4215450106
0226230116
3230010126
6241560136
2252340146
5263120156
1204600166
2024520206
5035300216
1046150226
4050630236
0061410246
3002260256
6013040266
0533660306
3544440316
6555220326
2566000336
5500550346
1511330356
4522110366
5342030406
1353510416
4364360426
0305140436
3316620446
6320400456
2331250466
3151100506
6162650516
2103430526
5114210536
1125060546
4136540556
0140320566
1660240606
4601020616
0612500626
3623350636
6634130646
2645610656
5656460666
6240621006
2251401016
5262251026
1203031036
4214511046
0225361056
3236141066
4056061106
0060541116
3001321126
6012101136
2023651146
5034431156
1045211166
2565131206
5506611216
1510461226
4521241236
0532021246
3543501256
6554351266
0304201306
3315051316
6326531326
2330311336
5341161346
1352641356
4363421366
5113341406
1124121416
4135601426
0146451436
3150231446
6161011456
2102561466
3622411506
6633261516
2644041526
5655521536
1666301546
4600151556
0611631566
1431551606
4442331616
0453111626
3464661636
6405441646
2416221656
5420001666
6011232006
2022012016
5033562026
1044342036
4055122046
0066602056
3000452066
4520302106
0531152116
3542632126
6553412136
2564262146
5505042156
1516522166
2336442206
5340222216
1351002226
4362552236
0303332246
3314112256
6325662266
0145512306
3156362316
6160142326
2101622336
5112402346
1123252356
4134032366
5654652406
1665432416
4606212426
0610062436
3621542446
6632322456
2643102466
3463022506
6404502516
2415352526
5426132536
1430612546
4441462556
0452242566
1202162606
4213642616
0224422626
3235202636
6246052646
2250532656
5261312666
6552543006
2563323016
5504103026
1515653036
4526433046
0530213056
3541063066
4361613106
0302463116
3313243126
6324023136
2335503146
5346353156
1350133166
2100053206
5111533216
1122313226
4133163236
0144643246
3155423256
6166203266
0616123306
3620603316
6631453326
2642233336
5653013346
1664563356
4605343366
5425263406
1436043416
4440523426
0451303436
3462153446
6403633456
2414413466
3234333506
6245113516
2256663526
5260443536
1201223546
4212003556
0223553566
1043403606
4054253616
0065033626
3006513636
6010363646
2021143656
5032623666
6323154006
2334634016
5345414026
1356264036
4360044046
0301524056
3312304066
4132224106
0143004116
3154554126
6165334136
2106114146
5110664156
1121444166
2641364206
5652144216
1663624226
4604404236
0615254246
3626034256
6630514266
0450434306
3461214316
6402064326
2413544336
5424324346
1435104356
4446654366
5266504406
1200354416
4211134426
0222614436
3233464446
6244244456
2255024466
3005644506
6016424516
2020204526
5031054536
1042534546
4053314556
0064164566
1514014606
4525564616
0536344626
3540124636
6551604646
2562454656
5503234666
6164465006
2105245016
5116025026
1120505036
4131355046
0142135056
3153615066
4603535106
0614315116
3625165126
6636645136
2640425146
5651205156
1662055166
2412605206
5423455216
1434235226
4445015236
0456565246
3460345256
6401125266
0221045306
3232525316
6243305326
2254155336
5265635346
1206415356
4210265366
5030115406
1041665416
4052445426
0063225436
3004005446
6015555456
2026335466
3546255506
6550035516
2561515526
5502365536
1513145546
4524625556
0535405566
1355325606
4366105616
0300655626
3311435636
6322215646
2333065656
5344545666
6635006006
2646556016
5650336026
1661116036
4602666046
0613446056
3624226066
4444146106
0455626116
3466406126
6400256136
2411036146
5422516156
1433366166
2253216206
5264066216
1205546226
4216326236
0220106246
3231656256
6242436266
0062356306
3003136316
6014616326
2025466336
5036246346
1040026356
4051506366
5501426406
1512206416
4523056426
0534536436
3545316446
6556166456
2560646466
3310566506
6321346516
2332126526
5343606536
1354456546
4365236556
0306016566
1126636606
4130416616
0141266626
3152046636
6163526646
2104306656
5115156666
1255200000
4266050010
0200530020
3211310030
6222160040
2233640050
5244420060
6064340100
2005120110
5016600120
1020450130
4031230140
0042010150
3053560160
4503410200
0514260210
3525040220
6536520230
2540300240
5551150250
1562630260
2312550300
5323330310
1334110320
4345660330
0356440340
3360220350
6301000360
0121620400
3132400410
6143250420
2154030430
5165510440
1106360450
4110140460
5630060500
1641540510
4652320520
0663100530
3604650540
6615430550
2626210560
3446130600
6450610610
2461460620
5402240630
1413020640
4424500650
0435350660
1026511000
4030361010
0041141020
3052621030
6063401040
2004251050
5015031060
6535651100
2546431110
5550211120
1561061130
4502541140
0513321150
3524101160
4344021200
0355501210
3366351220
6300131230
2311611240
5322461250
1333241260
2153161300
5164641310
1105421320
4116201330
0120051340
3131531350
6142311360
0662231400
3603011410
6614561420
2625341430
5636121440
1640601450
4651451460
5401301500
1412151510
4423631520
0434411530
3445261540
6456041550
2460521560
3210441600
6221221610
2232001620
5243551630
1254331640
4265111650
0206661660
1560122000
4501602010
0512452020
3523232030
6534012040
2545562050
5556342060
6306262100
2310042110
5321522120
1332302130
4343152140
0354632150
3365412160
4115332200
0126112210
3130662220
6141442230
2152222240
5163002250
1104552260
2624402300
5635252310
1646032320
4650512330
0661362340
3602142350
6613622360
0433542400
3444322410
6455102420
2466652430
5400432440
1411212450
4422062460
5242612500
1253462510
4264242520
0205022530
3216502540
6220352550
2231132560
3051052600
6062532610
2003312620
5014162630
1025642640
4036422650
0040202660
1331433000
4342213010
0353063020
3364543030
6305323040
2316103050
5320653060
6140503100
2151353110
5162133120
1103613130
4114463140
0125243150
3136023160
4656643200
0660423210
3601203220
6612053230
2623533240
5634313250
1645163260
2465013300
5406563310
1410343320
4421123330
0432603340
3443453350
6454233360
0204153400
3215633410
6226413420
2230263430
5241043440
1252523450
4263303460
5013223500
1024003510
4035553520
0046333530
3050113540
6061663550
2002443560
3522363600
6533143610
2544623620
5555403630
1566253640
4500033650
0511513660
1102044000
4113524010
0124304020
3135154030
6146634040
2150414050
5161264060
6611114100
2622664110
5633444120
1644224130
4655004140
0666554150
3600334160
4420254200
0431034210
3442514220
6453364230
2464144240
5405624250
1416404260
2236324300
5240104310
1251654320
4262434330
0203214340
3214064350
6225544360
0045464400
3056244410
6060024420
2001504430
5012354440
1023134450
4034614460
5554534500
1565314510
4506164520
0510644530
3521424540
6532204550
2543054560
3363604600
6304454610
2315234620
5326014630
1330564640
4341344650
0352124660
1643355000
4654135010
0665615020
3606465030
6610245040
2621025050
5632505060
6452425100
2463205110
5404055120
1415535130
4426315140
0430165150
3441645160
4261565200
0202345210
3213125220
6224605230
2235455240
5246235250
1250015260
2000635300
5011415310
1022265320
4033045330
0044525340
3055305350
6066155360
0516005400
3520555410
6531335420
2542115430
5553665440
1564445450
4505225460
5325145500
1336625510
4340405520
0351255530
3362035540
6303515550
2314365560
3134215600
6145065610
2156545620
5160325630
1101105640
4112655650
0123435660
1414666000
4425446010
0436226020
3440006030
6451556040
2462336050
5403116060
6223036100
2234516110
5245366120
1256146130
4260626140
0201406150
3212256160
4032106200
0043656210
3054436220
6065216230
2006066240
5010546250
1021326260
2541246300
5552026310
1563506320
4504356330
0515136340
3526616350
6530466360
0350316400
3361166410
6302646420
2313426430
5324206440
1335056450
4346536460
5166456500
1100236510
4111016520
0122566530
3133346540
6144126550
2155606560
3605526600
6616306610
2620156620
5631636630
1642416640
4653266650
0664046660
2556660001
5560440011
1501220021
4512000031
0523550041
3534330051
6545110061
0365030101
3306510111
6310360121
2321140131
5332620141
1343400151
4354250161
5104100201
1115650211
4126430221
0130210231
3141060241
6152540251
2163320261
3613240301
6624020311
2635500321
5646350331
1650130341
4661610351
0602460361
1422310401
4433160411
0444640421
3455420431
6466200441
2400050451
5411530461
6231450501
2242230511
5253010521
1264560531
4205340541
0216120551
3220600561
4040520601
0051300611
3062150621
6003630631
2014410641
5025260651
1036040661
2320201001
5331051011
1342531021
4353311031
0364161041
3305641051
6316421061
0136341101
3140121111
6151601121
2162451131
5103231141
1114011151
4125561161
5645411201
1656261211
4660041221
0601521231
3612301241
6623151251
2634631261
3454551301
6465331311
2406111321
5410661331
1421441341
4432221351
0443001361
1263621401
4204401411
0215251421
3226031431
6230511441
2241361451
5252141461
6002061501
2013541511
5024321521
1035101531
4046651541
0050431551
3061211561
4511131601
0522611611
3533461621
6544241631
2555021641
5566501651
1500351661
2161512001
5102362011
1113142021
4124622031
0135402041
3146252051
6150032061
0600652101
3611432111
6622212121
2633062131
5644542141
1655322151
4666102161
5416022201
1420502211
4431352221
0442132231
3453612241
6464462251
2405242261
3225162301
6236642311
2240422321
5251202331
1262052341
4203532351
0214312361
1034232401
4045012411
0056562421
3060342431
6001122441
2012602451
5023452461
6543302501
2554152511
5565632521
1506412531
4510262541
0521042551
3532522561
4352442601
0363222611
3304002621
6315552631
2326332641
5330112651
1341662661
2632123001
5643603011
1654453021
4665233031
0606013041
3610563051
6621343061
0441263101
3452043111
6463523121
2404303131
5415153141
1426633151
4430413161
5250333201
1261113211
4202663221
0213443231
3224223241
6235003251
2246553261
3066403301
6000253311
2011033321
5022513331
1033363341
4044143351
0055623361
1505543401
4516323411
0520103421
3531653431
6542433441
2553213451
5564063461
6314613501
2325463511
5336243521
1340023531
4351503541
0362353551
3303133561
4123053601
0134533611
3145313621
6156163631
2160643641
5101423651
1112203661
2403434001
5414214011
1425064021
4436544031
0440324041
3451104051
6462654061
0212504101
3223354111
6234134121
2245614131
5256464141
1260244151
4201024161
5021644201
1032424211
4043204221
0054054231
3065534241
6006314251
2010164261
3530014301
6541564311
2552344321
5563124331
1504604341
4515454351
0526234361
1346154401
4350634411
0361414421
3302264431
6313044441
2324524451
5335304461
6155224501
2166004511
5100554521
1111334531
4122114541
0133664551
3144444561
4664364601
0605144611
3616624621
6620404631
2631254641
5642034651
1653514661
2244045001
5255525011
1266305021
4200155031
0211635041
3222415051
6233265061
0053115101
3064665111
6005445121
2016225131
5020005141
1031555151
4042335161
5562255201
1503035211
4514515221
0525365231
3536145241
6540625251
2551405261
3301325301
6312105311
2323655321
5334435331
1345215341
4356065351
0360545361
1110465401
4121245411
0132025421
3143505431
6154355441
2165135451
5106615461
6626535501
2630315511
5641165521
1652645531
4663425541
0604205551
3615055561
4435605601
0446455611
3450235621
6461015631
2402565641
5413345651
1424125661
2015356001
5026136011
1030616021
4041466031
0052246041
3063026051
6004506061
0524426101
3535206111
6546056121
2550536131
5561316141
1502166151
4513646161
5333566201
1344346211
4355126221
0366606231
3300456241
6311236251
2322016261
3142636301
6153416311
2164266321
5105046331
1116526341
4120306351
0131156361
1651006401
4662556411
0603336421
3614116431
6625666441
2636446451
5640226461
6460146501
2401626511
5412406521
1423256531
4434036541
0445516551
3456366561
4206216601
0210066611
3221546621
6232326631
2243106641
5254656651
1265436661
3150350002
6161130012
2102610022
5113460032
1124240042
4135020052
0146500062
1666420102
4600200112
0611050122
3622530132
6633310142
2644160152
5655640162
6405560202
2416340212
5420120222
1431600232
4442450242
0453230252
3464010262
4214630302
0225410312
3236260322
6240040332
2251520342
5262300352
1203150362
2023000402
5034550412
1045330422
4056110432
0060660442
3001440452
6012220462
0532140502
3543620512
6554400522
2565250532
5506030542
1510510552
4521360562
5341210602
1352060612
4363540622
0304320632
3315100642
6326650652
2330430662
3621661002
6632441012
2643221022
5654001032
1665551042
4606331052
0610111062
1430031102
4441511112
0452361122
3463141132
6404621142
2415401152
5426251162
6246101202
2250651212
5261431222
1202211232
4213061242
0224541252
3235321262
4055241302
0066021312
3000501322
6011351332
2022131342
5033611352
1044461362
2564311402
5505161412
1516641422
4520421432
0531201442
3542051452
6553531462
0303451502
3314231512
6325011522
2336561532
5340341542
1351121552
4362601562
5112521602
1123301612
4134151622
0145631632
3156411642
6160261652
2101041662
3462202002
6403052012
2414532022
5425312032
1436162042
4440642052
0451422062
1201342102
4212122112
0223602122
3234452132
6245232142
2256012152
5260562162
6010412202
2021262212
5032042222
1043522232
4054302242
0065152252
3006632262
4526552302
0530332312
3541112322
6552662332
2563442342
5504222352
1515002362
2335622402
5346402412
1350252422
4361032432
0302512442
3313362452
6324142462
0144062502
3155542512
6166322522
2100102532
5111652542
1122432552
4133212562
5653132602
1664612612
4605462622
0616242632
3620022642
6631502652
2642352662
3233513002
6244363012
2255143022
5266623032
1200403042
4211253052
0222033062
1042653102
4053433112
0064213122
3005063132
6016543142
2020323152
5031103162
6551023202
2562503212
5503353222
1514133232
4525613242
0536463252
3540243262
4360163302
0301643312
3312423322
6323203332
2334053342
5345533352
1356313362
2106233402
5110013412
1121563422
4132343432
0143123442
3154603452
6165453462
0615303502
3626153512
6630633522
2641413532
5652263542
1663043552
4604523562
5424443602
1435223612
4446003622
0450553632
3461333642
6402113652
2413663662
3004124002
6015604012
2026454022
5030234032
1041014042
4052564052
0063344062
1513264102
4524044112
0535524122
3546304132
6550154142
2561634152
5502414162
6322334202
2333114212
5344664222
1355444232
4366224242
0300004252
3311554262
4131404302
0142254312
3153034322
6164514332
2105364342
5116144352
1120624362
2640544402
5651324412
1662104422
4603654432
0614434442
3625214452
6636064462
0456614502
3460464512
6401244522
2412024532
5423504542
1434354552
4445134562
5265054602
1206534612
4210314622
0221164632
3232644642
6243424652
2254204662
3545435002
6556215012
2560065022
5501545032
1512325042
4523105052
0534655062
1354505102
4365355112
0306135122
3310615132
6321465142
2332245152
5343025162
6163645202
2104425212
5115205222
1126055232
4130535242
0141315252
3152165262
4602015302
0613565312
3624345322
6635125332
2646605342
5650455352
1661235362
2411155402
5422635412
1433415422
4444265432
0455045442
3466525452
6400305462
0220225502
3231005512
6242555522
2253335532
5264115542
1205665552
4216445562
5036365602
1040145612
4051625622
0062405632
3003255642
6014035652
2025515662
3316046002
6320526012
2331306022
5342156032
1353636042
4364416052
0305266062
1125116102
4136666112
0140446122
3151226132
6162006142
2103556152
5114336162
6634256202
2645036212
5656516222
1660366232
4601146242
0612626252
3623406262
4443326302
0454106312
3465656322
6406436332
2410216342
5421066352
1432546362
2252466402
5263246412
1204026422
4215506432
0226356442
3230136452
6241616462
0061536502
3002316512
6013166522
2024646532
5035426542
1046206552
4050056562
5500606602
1511456612
4522236622
0533016632
3544566642
6555346652
2566126662
4451040003
0462520013
3403300023
6414150033
2425630043
5436410053
1440260063
2260110103
5201660113
1212440123
4223220133
0234000143
3245550153
6256330163
0006250203
3010030213
6021510223
2032360233
5043140243
1054620253
4065400263
5515320303
1526100313
4530650323
0541430333
3552210343
6563060353
2504540363
3324460403
6335240413
2346020423
5350500433
1361350443
4302130453
0313610463
1133530503
4144310513
0155160523
3166640533
6100420543
2111200553
5122050563
6642600603
2653450613
5664230623
1605010633
4616560643
0620340653
3631120663
4222351003
0233131013
3244611023
6255461033
2266241043
5200021053
1211501063
2031421103
5042201113
1053051123
4064531133
0005311143
3016161153
6020641163
0540561203
3551341213
6562121223
2503601233
5514451243
1525231253
4536011263
5356631303
1360411313
4301261323
0312041333
3323521343
6334301353
2345151363
3165001403
6106551413
2110331423
5121111433
1132661443
4143441453
0154221463
1604141503
4615621513
0626401523
3630251533
6641031543
2652511553
5663361563
6413211603
2424061613
5435541623
1446321633
4450101643
0461651653
3402431663
4063662003
0004442013
3015222023
6026002033
2030552043
5041332053
1052112063
2502032103
5513512113
1524362123
4535142133
0546622143
3550402153
6561252163
0311102203
3322652213
6333432223
2344212233
5355062243
1366542253
4300322263
5120242303
1131022313
4142502323
0153352333
3164132343
6105612353
2116462363
3636312403
6640162413
2651642423
5662422433
1603202443
4614052453
0625532463
1445452503
4456232513
0460012523
3401562533
6412342543
2423122553
5434602563
6254522603
2265302613
5206152623
1210632633
4221412643
0232262653
3243042663
4534203003
0545053013
3556533023
6560313033
2501163043
5512643053
1523423063
2343343103
5354123113
1365603123
4306453133
0310233143
3321013153
6332563163
0152413203
3163263213
6104043223
2115523233
5126303243
1130153253
4141633263
5661553303
1602333313
4613113323
0624663333
3635443343
6646223353
2650003363
3400623403
6411403413
2422253423
5433033433
1444513443
4455363453
0466143463
1216063503
4220543513
0231323523
3242103533
6253653543
2264433553
5205213563
6025133603
2036613613
5040463623
1051243633
4062023643
0003503653
3014353663
4305514003
0316364013
3320144023
6331624033
2342404043
5353254053
1364034063
2114654103
5125434113
1136214123
4140064133
0151544143
3162324153
6103104163
0623024203
3634504213
6645354223
2656134233
5660614243
1601464253
4612244263
5432164303
1443644313
4454424323
0465204333
3406054343
6410534353
2421314363
3241234403
6252014413
2263564423
5204344433
1215124443
4226604453
0230454463
1050304503
4061154513
0002634523
3013414533
6024264543
2035044553
5046524563
6566444603
2500224613
5511004623
1522554633
4533334643
0544114653
3555664663
4146125003
0150605013
3161455023
6102235033
2113015043
5124565053
1135345063
2655265103
5666045113
1600525123
4611305133
0622155143
3633635153
6644415163
0464335203
3405115213
6416665223
2420445233
5431225243
1442005253
4453555263
5203405303
1214255313
4225035323
0236515333
3240365343
6251145353
2262625363
3012545403
6023325413
2034105423
5045655433
1056435443
4060215453
0001065463
1521615503
4532465513
0543245523
3554025533
6565505543
2506355553
5510135563
6330055603
2341535613
5352315623
1363165633
4304645643
0315425653
3326205663
4610436003
0621216013
3632066023
6643546033
2654326043
5665106053
1606656063
2426506103
5430356113
1441136123
4452616133
0463466143
3404246153
6415026163
0235646203
3246426213
6250206223
2261056233
5202536243
1213316253
4224166263
5044016303
1055566313
4066346323
0000126333
3011606343
6022456353
2033236363
3553156403
6564636413
2505416423
5516266433
1520046443
4531526453
0542306463
1362226503
4303006513
0314556523
3325336533
6336116543
2340666553
5351446563
6101366603
2112146613
5123626623
1134406633
4145256643
0156036653
3160516663
5052430004
1063210014
4004060024
0015540034
3026320044
6030100054
2041650064
3561500104
6502350114
2513130124
5524610134
1535460144
4546240154
0550020164
1300640204
4311420214
0322200224
3333050234
6344530244
2355310254
5366160264
6116010304
2120560314
5131340324
1142120334
4153600344
0164450354
3105230364
4625150404
0636630414
3640410424
6651260434
2662040444
5603520454
1614300464
2434220504
5445000514
1456550524
4460330534
0401110544
3412660554
6423440564
0243360604
3254140614
6265620624
2206400634
5210250644
1221030654
4232510664
5523041004
1534521014
4545301024
0556151034
3560631044
6501411054
2512261064
3332111104
6343661114
2354441124
5365221134
1306001144
4310551154
0321331164
1141251204
4152031214
0163511224
3104361234
6115141244
2126621254
5130401264
6650321304
2661101314
5602651324
1613431334
4624211344
0635061354
3646541364
4466461404
0400241414
3411021424
6422501434
2433351444
5444131454
1455611464
2205531504
5216311514
1220161524
4231641534
0242421544
3253201554
6264051564
0014601604
3025451614
6036231624
2040011634
5051561644
1062341654
4003121664
5364352004
1305132014
4316612024
0320462034
3331242044
6342022054
2353502064
3103422104
6114202114
2125052124
5136532134
1140312144
4151162154
0162642164
1612562204
4623342214
0634122224
3645602234
6656452244
2660232254
5601012264
6421632304
2432412314
5443262324
1454042334
4465522344
0406302354
3410152364
4230002404
0241552414
3252332424
6263112434
2204662444
5215442454
1226222464
2046142504
5050622514
1061402524
4002252534
0013032544
3024512554
6035362564
0555212604
3566062614
6500542624
2511322634
5522102644
1533652654
4544432664
5135663004
1146443014
4150223024
0161003034
3102553044
6113333054
2124113064
3644033104
6655513114
2666363124
5600143134
1611623144
4622403154
0633253164
1453103204
4464653214
0405433224
3416213234
6420063244
2431543254
5442323264
6262243304
2203023314
5214503324
1225353334
4236133344
0240613354
3251463364
4001313404
0012163414
3023643424
6034423434
2045203444
5056053454
1060533464
2510453504
5521233514
1532013524
4543563534
0554343544
3565123554
6506603564
0326523604
3330303614
6341153624
2352633634
5363413644
1304263654
4315043664
5606204004
1610054014
4621534024
0632314034
3643164044
6654644054
2665424064
3415344104
6426124114
2430604124
5441454134
1452234144
4463014154
0404564164
1224414204
4235264214
0246044224
3250524234
6261304244
2202154254
5213634264
6033554304
2044334314
5055114324
1066664334
4000444344
0011224354
3022004364
4542624404
0553404414
3564254424
6505034434
2516514444
5520364454
1531144464
2351064504
5362544514
1303324524
4314104534
0325654544
3336434554
6340214564
0160134604
3101614614
6112464624
2123244634
5134024644
1145504654
4156354664
5440515004
1451365014
4462145024
0403625034
3414405044
6425255054
2436035064
3256655104
6260435114
2201215124
5212065134
1223545144
4234325154
0245105164
1065025204
4006505214
0010355224
3021135234
6032615244
2043465254
5054245264
6504165304
2515645314
5526425324
1530205334
4541055344
0552535354
3563315364
4313235404
0324015414
3335565424
6346345434
2350125444
5361605454
1302455464
2122305504
5133155514
1144635524
4155415534
0166265544
3100045554
6111525564
0631445604
3642225614
6653005624
2664555634
5605335644
1616115654
4620665664
5211126004
1222606014
4233456024
0244236034
3255016044
6266566054
2200346064
3020266104
6031046114
2042526124
5053306134
1064156144
4005636154
0016416164
1536336204
4540116214
0551666224
3562446234
6503226244
2514006254
5525556264
6345406304
2356256314
5360036324
1301516334
4312366344
0323146354
3334626364
4154546404
0165326414
3106106424
6110656434
2121436444
5132216454
1143066464
2663616504
5604466514
1615246524
4626026534
0630506544
3641356554
6652136564
0402056604
3413536614
6424316624
2435166634
5446646644
1450426654
4461206664
6353120005
2364600015
5305450025
1316230035
4320010045
0331560055
3342340065
4162260105
0103040115
3114520125
6125300135
2136150145
5140630155
1151410165
2601330205
5612110215
1623660225
4634440235
0645220245
3656000255
6660550265
0410400305
3421250315
6432030325
2443510335
5454360345
1465140355
4406620365
5226540405
1230320415
4241100425
0252650435
3263430445
6204210455
2215060465
3035610505
6046460515
2050240525
5061020535
1002500545
4013350555
0024130565
1544050605
4555530615
0566310625
3500160635
6511640645
2522420655
5533200665
6124431005
2135211015
5146061025
1150541035
4161321045
0102101055
3113651065
4633501105
0644351115
3655131125
6666611135
2600461145
5611241155
1622021165
2442641205
5453421215
1464201225
4405051235
0416531245
3420311255
6431161265
0251011305
3262561315
6203341325
2214121335
5225601345
1236451355
4240231365
5060151405
1001631415
4012411425
0023261435
3034041445
6045521455
2056301465
3506221505
6510001515
2521551525
5532331535
1543111545
4554661555
0565441565
1315361605
4326141615
0330621625
3341401635
6352251645
2363031655
5304511665
6665042005
2606522015
5610302025
1621152035
4632632045
0643412055
3654262065
4404112105
0415662115
3426442125
6430222135
2441002145
5452552155
1463332165
2213252205
5224032215
1235512225
4246362235
0250142245
3261622255
6202402265
0022322305
3033102315
6044652325
2055432335
5066212345
1000062355
4011542365
5531462405
1542242415
4553022425
0564502435
3505352445
6516132455
2520612465
3340532505
6351312515
2362162525
5303642535
1314422545
4325202555
0336052565
1156602605
4160452615
0101232625
3112012635
6123562645
2134342655
5145122665
6436353005
2440133015
5451613025
1462463035
4403243045
0414023055
3425503065
4245423105
0256203115
3260053125
6201533135
2212313145
5223163155
1234643165
2054563205
5065343215
1006123225
4010603235
0021453245
3032233255
6043013265
0563633305
3504413315
6515263325
2526043335
5530523345
1541303355
4552153365
5302003405
1313553415
4324333425
0335113435
3346663445
6350443455
2361223465
3111143505
6122623515
2133403525
5144253535
1155033545
4166513555
0100363565
1620213605
4631063615
0642543625
3653323635
6664103645
2605653655
5616433665
6200664005
2211444015
5222224025
1233004035
4244554045
0255334055
3266114065
4016034105
0020514115
3031364125
6042144135
2053624145
5064404155
1005254165
2525104205
5536654215
1540434225
4551214235
0562064245
3503544255
6514324265
0334244305
3345024315
6356504325
2360354335
5301134345
1312614355
4323464365
5143314405
1154164415
4165644425
0106424435
3110204445
6121054455
2132534465
3652454505
6663234515
2604014525
5615564535
1626344545
4630124555
0641604565
1461524605
4402304615
0413154625
3424634635
6435414645
2446264655
5450044665
6041205005
2052055015
5063535025
1004315035
4015165045
0026645055
3030425065
4550345105
0561125115
3502605125
6513455135
2524235145
5535015155
1546565165
2366415205
5300265215
1311045225
4322525235
0333305245
3344155255
6355635265
0105555305
3116335315
6120115325
2131665335
5142445345
1153225355
4164005365
5614625405
1625405415
4636255425
0640035435
3651515445
6662365455
2603145465
3423065505
6434545515
2445325525
5456105535
1460655545
4401435555
0412215565
1232135605
4243615615
0254465625
3265245635
6206025645
2210505655
5221355665
6512516005
2523366015
5534146025
1545626035
4556406045
0560256055
3501036065
4321656105
0332436115
3343216125
6354066135
2365546145
5306326155
1310106165
2130026205
5141506215
1152356225
4163136235
0104616245
3115466255
6126246265
0646166305
3650646315
6661426325
2602206335
5613056345
1624536355
4635316365
5455236405
1466016415
4400566425
0411346435
3422126445
6433606455
2444456465
3264306505
6205156515
2216636525
5220416535
1231266545
4242046555
0253526565
1003446605
4014226615
0025006625
3036556635
6040336645
2051116655
5062666665
0654510006
3665360016
6606140026
2610620036
5621400046
1632250056
4643030066
5463650106
1404430116
4415210126
0426060136
3430540146
6441320156
2452100166
3202020206
6213500216
2224350226
5235130236
1246610246
4250460256
0261240266
1011160306
4022640316
0033420326
3044200336
6055050346
2066530356
5000310366
6520230406
2531010416
5542560426
1553340436
4564120446
0505600456
3516450466
4336300506
0340150516
3351630526
6362410536
2303260546
5314040556
1325520566
2145440606
5156220616
1160000626
4101550636
0112330646
3123110656
6134660666
0425121006
3436601016
6440451026
2451231036
5462011046
1403561056
4414341066
5234261106
1245041116
4256521126
0260301136
3201151146
6212631156
2223411166
3043331206
6054111216
2065661226
5006441236
1010221246
4021001256
0032551266
1552401306
4563251316
0504031326
3515511336
6526361346
2530141356
5541621366
6361541406
2302321416
5313101426
1324651436
4335431446
0346211456
3350061466
4100611506
0111461516
3122241526
6133021536
2144501546
5155351556
1166131566
2616051606
5620531616
1631311626
4642161636
0653641646
3664421656
6605201666
0266432006
3200212016
6211062026
2222542036
5233322046
1244102056
4255652066
5005502106
1016352116
4020132126
0031612136
3042462146
6053242156
2064022166
3514642206
6525422216
2536202226
5540052236
1551532246
4562312256
0503162266
1323012306
4334562316
0345342326
3356122336
6360602346
2301452356
5312232366
6132152406
2143632416
5154412426
1165262436
4106042446
0110522456
3121302466
4641222506
0652002516
3663552526
6604332536
2615112546
5626662556
1630442566
2450362606
5461142616
1402622626
4413402636
0424252646
3435032656
6446512666
0030043006
3041523016
6052303026
2063153036
5004633046
1015413056
4026263066
5546113106
1550663116
4561443126
0502223136
3513003146
6524553156
2535333166
3355253206
6366033216
2300513226
5311363236
1322143246
4333623256
0344403266
1164323306
4105103316
0116653326
3120433336
6131213346
2142063356
5153543366
6603463406
2614243416
5625023426
1636503436
4640353446
0651133456
3662613466
4412533506
0423313516
3434163526
6445643536
2456423546
5460203556
1401053566
2221603606
5232453616
1243233626
4254013636
0265563646
3206343656
6210123666
0501354006
3512134016
6523614026
2534464036
5545244046
1556024056
4560504066
5310424106
1321204116
4332054126
0343534136
3354314146
6365164156
2306644166
3126564206
6130344216
2141124226
5152604236
1163454246
4104234256
0115014266
1635634306
4646414316
0650264326
3661044336
6602524346
2613304356
5624154366
6444004406
2455554416
5466334426
1400114436
4411664446
0422444456
3433224466
4253144506
0264624516
3205404526
6216254536
2220034546
5231514556
1242364566
2062214606
5003064616
1014544626
4025324636
0036104646
3040654656
6051434666
0342665006
3353445016
6364225026
2305005036
5316555046
1320335056
4331115066
5151035106
1162515116
4103365126
0114145136
3125625146
6136405156
2140255166
3660105206
6601655216
2612435226
5623215236
1634065246
4645545256
0656325266
1406245306
4410025316
0421505326
3432355336
6443135346
2454615356
5465465366
6215315406
2226165416
5230645426
1241425436
4252205446
0263055456
3204535466
4024455506
0035235516
3046015526
6050565536
2061345546
5002125556
1013605566
2533525606
5544305616
1555155626
4566635636
0500415646
3511265656
6522045666
0113206006
3124056016
6135536026
2146316036
5150166046
1161646056
4102426066
5622346106
1633126116
4644606126
0655456136
3666236146
6600016156
2611566166
3431416206
6442266216
2453046226
5464526236
1405306246
4416156256
0420636266
1240556306
4251336316
0262116326
3203666336
6214446346
2225226356
5236006366
6056626406
2060406416
5001256426
1012036436
4023516446
0034366456
3045146466
4565066506
0506546516
3510326526
6521106536
2532656546
5543436556
1554216566
2304136606
5315616616
1326466626
4330246636
0341026646
3352506656
6363356666
0213330001
3224110011
6235660021
2246440031
5250220041
1261000051
4202550061
5022400101
1033250111
4044030121
0055510131
3066360141
6000140151
2011620161
3531540201
6542320211
2553100221
5564650231
1505430241
4516210251
0520060261
1340610301
4351460311
0362240321
3303020331
6314500341
2325350351
5336130361
6156050401
2160530411
5101310421
1112160431
4123640441
0134420451
3145200461
4665120501
0606600511
3610450521
6621230531
2632010541
5643560551
1654340561
2404260601
5415040611
1426520621
4430300631
0441150641
3452630651
6463410661
0054641001
3065421011
6006201021
2010051031
5021531041
1032311051
4043161061
5563011101
1504561111
4515341121
0526121131
3530601141
6541451151
2552231161
3302151201
6313631211
2324411221
5335261231
1346041241
4350521251
0361301261
1111221301
4122001311
0133551321
3144331331
6155111341
2166661351
5100441361
6620361401
2631141411
5642621421
1653401431
4664251441
0605031451
3616511461
4436431501
0440211511
3451061521
6462541531
2403321541
5414101551
1425651561
2245501601
5256351611
1260131621
4201611631
0212461641
3223241651
6234021661
0525252001
3536032011
6540512021
2551362031
5562142041
1503622051
4514402061
5334322101
1345102111
4356652121
0360432131
3301212141
6312062151
2323542161
3143462201
6154242211
2165022221
5106502231
1110352241
4121132251
0132612261
1652532301
4663312311
0604162321
3615642331
6626422341
2630202351
5641052361
6461602401
2402452411
5413232421
1424012431
4435562441
0446342451
3450122461
4200042501
0211522511
3222302521
6233152531
2244632541
5255412551
1266262561
2016112601
5020662611
1031442621
4042222631
0053002641
3064552651
6005332661
0366563001
3300343011
6311123021
2322603031
5333453041
1344233051
4355013061
5105633101
1116413111
4120263121
0131043131
3142523141
6153303151
2164153161
3614003201
6625553211
2636333221
5640113231
1651663241
4662443251
0603223261
1423143301
4434623311
0445403321
3456253331
6460033341
2401513351
5412363361
6232213401
2243063411
5254543421
1265323431
4206103441
0210653451
3221433461
4041353501
0052133511
3063613521
6004463531
2015243541
5026023551
1030503561
2550423601
5561203611
1502053621
4513533631
0524313641
3535163651
6546643661
0130104001
3141654011
6152434021
2163214031
5104064041
1115544051
4126324061
5646244101
1650024111
4661504121
0602354131
3613134141
6624614151
2635464161
3455314201
6466164211
2400644221
5411424231
1422204241
4433054251
0444534261
1264454301
4205234311
0216014321
3220564331
6231344341
2242124351
5253604361
6003524401
2014304411
5025154421
1036634431
4040414441
0051264451
3062044461
4512664501
0523444511
3534224521
6545004531
2556554541
5560334551
1501114561
2321034601
5332514611
1343364621
4354144631
0365624641
3306404651
6310254661
0601415001
3612265011
6623045021
2634525031
5645305041
1656155051
4660635061
5410555101
1421335111
4432115121
0443665131
3454445141
6465225151
2406005161
3226625201
6230405211
2241255221
5252035231
1263515241
4204365251
0215145261
1035065301
4046545311
0050325321
3061105331
6002655341
2013435351
5024215361
6544135401
2555615411
5566465421
1500245431
4511025441
0522505451
3533355461
4353205501
0364055511
3305535521
6316315531
2320165541
5331645551
1342425561
2162345601
5103125611
1114605621
4125455631
0136235641
3140015651
6151565661
0442026001
3453506011
6464356021
2405136031
5416616041
1420466051
4431246061
5251166101
1262646111
4203426121
0214206131
3225056141
6236536151
2240316161
3060236201
6001016211
2012566221
5023346231
1034126241
4045606251
0056456261
1506306301
4510156311
0521636321
3532416331
6543266341
2554046351
5565526361
6315446401
2326226411
5330006421
1341556431
4352336441
0363116451
3304666461
4124516501
0135366511
3146146521
6150626531
2161406541
5102256551
1113036561
2633656601
5644436611
1655216621
4666066631
0600546641
3611326651
6622106661
2424260003
5435040013
1446520023
4450300033
0461150043
3402630053
6413410063
0233330103
3244110113
6255660123
2266440133
5200220143
1211000153
4222550163
5042400203
1053250213
4064030223
0005510233
3016360243
6020140253
2031620263
3551540303
6562320313
2503100323
5514650333
1525430343
4536210353
0540060363
1360610403
4301460413
0312240423
3323020433
6334500443
2345350453
5356130463
6106050503
2110530513
5121310523
1132160533
4143640543
0154420553
3165200563
4615120603
0626600613
3630450623
6641230633
2652010643
5663560653
1604340663
2265501003
5206351013
1210131023
4221611033
0232461043
3243241053
6254021063
0004641103
3015421113
6026201123
2030051133
5041531143
1052311153
4063161163
5513011203
1524561213
4535341223
0546121233
3550601243
6561451253
2502231263
3322151303
6333631313
2344411323
5355261333
1366041343
4300521353
0311301363
1131221403
4142001413
0153551423
3164331433
6105111443
2116661453
5120441463
6640361503
2651141513
5662621523
1603401533
4614251543
0625031553
3636511563
4456431603
0460211613
3401061623
6412541633
2423321643
5434101653
1445651663
2036112003
5040662013
1051442023
4062222033
0003002043
3014552053
6025332063
0545252103
3556032113
6560512123
2501362133
5512142143
1523622153
4534402163
5354322203
1365102213
4306652223
0310432233
3321212243
6332062253
2343542263
3163462303
6104242313
2115022323
5126502333
1130352343
4141132353
0152612363
1602532403
4613312413
0624162423
3635642433
6646422443
2650202453
5661052463
6411602503
2422452513
5433232523
1444012533
4455562543
0466342553
3400122563
4220042603
0231522613
3242302623
6253152633
2264632643
5205412653
1216262663
2500423003
5511203013
1522053023
4533533033
0544313043
3555163053
6566643063
0316563103
3320343113
6331123123
2342603133
5353453143
1364233153
4305013163
5125633203
1136413213
4140263223
0151043233
3162523243
6103303253
2114153263
3634003303
6645553313
2656333323
5660113333
1601663343
4612443353
0623223363
1443143403
4454623413
0465403423
3406253433
6410033443
2421513453
5432363463
6252213503
2263063513
5204543523
1215323533
4226103543
0230653553
3241433563
4061353603
0002133613
3013613623
6024463633
2035243643
5046023653
1050503663
2341034003
5352514013
1363364023
4304144033
0315624043
3326404053
6330254063
0150104103
3161654113
6102434123
2113214133
5124064143
1135544153
4146324163
5666244203
1600024213
4611504223
0622354233
3633134243
6644614253
2655464263
3405314303
6416164313
2420644323
5431424333
1442204343
4453054353
0464534363
1214454403
4225234413
0236014423
3240564433
6251344443
2262124453
5203604463
6023524503
2034304513
5045154523
1056634533
4060414543
0001264553
3012044563
4532664603
0543444613
3554224623
6565004633
2506554643
5510334653
1521114663
2112345003
5123125013
1134605023
4145455033
0156235043
3160015053
6101565063
0621415103
3632265113
6643045123
2654525133
5665305143
1606155153
4610635163
5430555203
1441335213
4452115223
0463665233
3404445243
6415225253
2426005263
3246625303
6250405313
2261255323
5202035333
1213515343
4224365353
0235145363
1055065403
4066545413
0000325423
3011105433
6022655443
2033435453
5044215463
6564135503
2505615513
5516465523
1520245533
4531025543
0542505553
3553355563
4303205603
0314055613
3325535623
6336315633
2340165643
5351645653
1362425663
2653656003
5664436013
1605216023
4616066033
0620546043
3631326053
6642106063
0462026103
3403506113
6414356123
2425136133
5436616143
1440466153
4451246163
5201166203
1212646213
4223426223
0234206233
3245056243
6256536253
2260316263
3010236303
6021016313
2032566323
5043346333
1054126343
4065606353
0006456363
1526306403
4530156413
0541636423
3552416433
6563266443
2504046453
5515526463
6335446503
2346226513
5350006523
1361556533
4302336543
0313116553
3324666563
4144516603
0155366613
3166146623
6100626633
2111406643
5122256653
1133036663
0025110004
4633560344
1311156304
3656012114
0640146514
2134052104
0560261614
1002210064
5300306364
1541013504
4010662404
1544064146
1236161504
3260042364
6510411034
0641663034
5221065114
3655242204
3422230524
4631403134
6354100214
6662005604
3421561416
1003553126
6043124344
4014530016
0413365616
0414012224
6125014056
5530535204
1312626214
1464315446
2526154414
4325261024
0252646604
5453131434
2361334544
4552260516
4246002454
2600403004
5612224436
4401424024
0251322406
1623300444
0026056134
1315502666
2442351424
4402311156
5531451644
4160464544
3264413026
4324345354
3504123534
3346600616
3343323346
2132541636
2606536256
6040443166
3116442536
4551226164
2052366116
3504624306
6435025046
1234350016
4556610036
0103054356
5062003116
5222231266
0331101156
6205163056
1466326616
1150052026
6511054166
0565652556
3033413416
4161631246
2216343446
5455243646
5142452516
1154504634
6206130416
5306033006
6520402622
4562556002
4026434612
6445234022
1545415012
1010601462
0456511352
2303260102
0346453602
5065111322
3041462222
2456164002
0104102042
1013245132
2225460202
2213461334
2064402312
4203350662
2363445506
2451005252
5236543512
4325131664
4240441344
2060564122
3133526352
5316226202
3650533612
3205636042
1544261666
6136344362
3352555332
1152446264
0520525032
0265454222
2142635166
3514234144
2414436502
6600600432
2222004236
5545223422
3664101102
1323556522
6633214622
1624121154
0261510532
0102115226
2115004532
5314331042
5144544402
2425410442
4416625062
3432622132
0653515142
5004500242
6523404356
6055436232
5103622052
1404632332
4643604262
4134055402
0336343432
1255644154
3660165532
2221344132
0646000224
2300254452
2135500662
4325010326
6664516354
6602056562
2146153252
4166624634
1461236454
0033312522
5230215062
4022133302
1241016622
0342053412
6125166112
4162406314
5450050556
6215652202
5612655322
5136266056
3503156226
6126544542
5256261512
1005463224
6353330054
4324442554
3531450102
4402661502
0414135116
5622213302
0030313342
0262000602
1622235606
