00000
00111
00222
00333
01012
01103
01230
01321
02023
02132
02201
02310
03031
03120
03213
03302
10013
10102
10231
10320
11001
11110
11223
11332
12030
12121
12212
12303
13022
13133
13200
13311
20021
20130
20203
20312
21033
21122
21211
21300
22002
22113
22220
22331
23010
23101
23232
23323
30032
30123
30210
30301
31020
31131
31202
31313
32011
32100
32233
32322
33003
33112
33221
33330
44444
44555
44666
44777
45456
45547
45674
45765
46467
46576
46645
46754
47475
47564
47657
47746
54457
54546
54675
54764
55445
55554
55667
55776
56474
56565
56656
56747
57466
57577
57644
57755
64465
64574
64647
64756
65477
65566
65655
65744
66446
66557
66664
66775
67454
67545
67676
67767
74476
74567
74654
74745
75464
75575
75646
75757
76455
76544
76677
76766
77447
77556
77665
77774
