0002210
0010112
0011120
0021001
0101111
0110201
0120020
0122102
0200100
0202022
0212011
0221212
0221221
1001102
1010000
1011211
1020222
1022012
1100212
1112021
1112110
1121200
1201020
1202201
1212122
1220111
2000021
2002121
2012202
2021110
2101222
2102000
2111012
2120122
2122211
2200010
2210220
2211101
2220002
2222220
3335543
3343445
3344453
3354334
3434444
3443534
3453353
3455435
3533433
3535355
3545344
3554545
3554554
4334435
4343333
4344544
4353555
4355345
4433545
4445354
4445443
4454533
4534353
4535534
4545455
4553444
5333354
5335454
5345535
5354443
5434555
5435333
5444345
5453455
5455544
5533343
5543553
5544434
5553335
5555553
6668876
6676778
6677786
6687667
6767777
6776867
6786686
6788768
6866766
6868688
6878677
6887878
6887887
7667768
7676666
7677877
7686888
7688678
7766878
7778687
7778776
7787866
7867686
7868867
7878788
7886777
8666687
8668787
8678868
8687776
8767888
8768666
8777678
8786788
8788877
8866676
8876886
8877767
8886668
8888886
