CERT 2 8 2 11 D=5 reps=909 parte=0/1 ordem=dir
0 0 31 225 254 255 nos=9930 vazio
1 0 31 227 253 255 nos=28468 vazio
2 0 63 199 248 255 nos=15172 vazio
3 0 127 191 192 255 nos=912 vazio
4 0 127 191 199 248 nos=24489 vazio
5 1 3 252 254 255 nos=930 vazio
6 1 3 253 254 255 nos=16391 vazio
7 1 6 250 253 255 nos=9092 vazio
8 1 6 251 253 255 nos=10923 vazio
9 1 7 250 253 254 nos=17656 vazio
10 1 7 251 252 255 nos=13957 vazio
11 1 14 243 252 255 nos=9192 vazio
12 1 14 243 253 255 nos=36223 vazio
13 1 14 247 251 253 nos=193068 vazio
14 1 15 243 252 254 nos=28346 vazio
15 1 30 225 254 255 nos=9527 vazio
16 1 30 226 253 255 nos=17565 vazio
17 1 30 227 252 255 nos=9673 vazio
18 1 30 227 253 254 nos=20934 vazio
19 1 30 227 253 255 nos=20611 vazio
20 1 30 231 249 254 nos=43357 vazio
21 1 30 239 247 249 nos=96828 vazio
22 1 31 224 254 255 nos=15199 vazio
23 1 31 225 254 255 nos=14530 vazio
24 1 31 227 252 254 nos=17443 vazio
25 1 31 227 253 254 nos=173159 vazio
26 1 31 227 253 255 nos=170283 vazio
27 1 31 230 248 255 nos=93624 vazio
28 1 31 230 249 254 nos=33084 vazio
29 1 31 230 250 253 nos=87889 vazio
30 1 31 231 249 254 nos=88365 vazio
31 1 62 193 254 255 nos=19623 vazio
32 1 62 194 253 255 nos=117605 vazio
33 1 62 195 252 255 nos=9235 vazio
34 1 62 195 253 255 nos=30727 vazio
35 1 62 207 241 255 nos=59244 vazio
36 1 62 207 243 252 nos=43035 vazio
37 1 62 207 243 253 nos=289487 vazio
38 1 62 223 239 241 nos=270174 vazio
39 1 63 192 254 255 nos=7249 vazio
40 1 63 193 254 255 nos=18701 vazio
41 1 63 194 253 254 nos=29452 vazio
42 1 63 195 253 254 nos=121807 vazio
43 1 63 206 240 255 nos=13686 vazio
44 1 63 206 242 253 nos=286013 vazio
45 1 63 222 238 241 nos=31324 vazio
46 1 63 222 239 240 nos=25034 vazio
47 1 63 223 227 252 nos=87517 vazio
48 1 126 190 193 255 nos=876 vazio
49 1 126 190 195 253 nos=26477 vazio
50 1 127 191 193 254 nos=71808 vazio
51 1 127 191 193 255 nos=78507 vazio
52 1 127 191 194 252 nos=68247 vazio
53 1 127 191 195 252 nos=53850 vazio
54 1 207 243 252 254 nos=11689 vazio
55 2 5 251 253 255 nos=7452 vazio
56 2 7 249 253 255 nos=11370 vazio
57 2 13 247 251 253 nos=124650 vazio
58 2 15 245 251 253 nos=24437 vazio
59 2 29 227 253 255 nos=7555 vazio
60 2 31 229 251 253 nos=162804 vazio
61 2 61 195 253 255 nos=10029 vazio
62 2 61 207 243 253 nos=43476 vazio
63 2 63 193 253 255 nos=12994 vazio
64 2 63 197 249 255 nos=26660 vazio
65 2 63 197 251 253 nos=28656 vazio
66 2 63 199 249 253 nos=12778 vazio
67 3 5 251 252 254 nos=2528 vazio
68 3 5 251 252 255 nos=39042 vazio
69 3 7 249 252 255 nos=10131 vazio
70 3 7 249 253 254 nos=20935 vazio
71 3 7 249 253 255 nos=69511 vazio
72 3 7 251 252 253 nos=5865 vazio
73 3 7 251 253 255 nos=104996 vazio
74 3 12 243 252 255 nos=49663 vazio
75 3 13 243 252 255 nos=29240 vazio
76 3 13 245 251 255 nos=265187 vazio
77 3 13 247 249 254 nos=109112 vazio
78 3 13 247 251 255 nos=180971 vazio
79 3 14 241 253 255 nos=31977 vazio
80 3 14 245 249 255 nos=10482 vazio
81 3 14 245 251 253 nos=28649 vazio
82 3 15 245 251 253 nos=89450 vazio
83 3 15 247 249 252 nos=91236 vazio
84 3 29 225 254 255 nos=33327 vazio
85 3 29 227 252 255 nos=28321 vazio
86 3 29 227 253 255 nos=96813 vazio
87 3 29 231 249 254 nos=59909 vazio
88 3 29 231 251 252 nos=78937 vazio
89 3 29 239 247 251 nos=181954 vazio
90 3 30 225 253 255 nos=28772 vazio
91 3 30 229 249 255 nos=69897 vazio
92 3 30 237 245 251 nos=152840 vazio
93 3 31 225 253 254 nos=13334 vazio
94 3 31 227 252 253 nos=8278 vazio
95 3 31 227 253 255 nos=165123 vazio
96 3 61 193 254 255 nos=110480 vazio
97 3 61 195 252 255 nos=26880 vazio
98 3 61 195 253 254 nos=16332 vazio
99 3 61 195 253 255 nos=54717 vazio
100 3 61 197 251 254 nos=113574 vazio
101 3 61 197 251 255 nos=251497 vazio
102 3 61 199 249 255 nos=209388 vazio
103 3 61 199 251 252 nos=71580 vazio
104 3 61 207 243 252 nos=93977 vazio
105 3 61 207 243 255 nos=89447 vazio
106 3 61 221 227 254 nos=112503 vazio
107 3 61 223 239 243 nos=264988 vazio
108 3 62 193 253 255 nos=20519 vazio
109 3 62 197 249 255 nos=43677 vazio
110 3 62 199 249 253 nos=38942 vazio
111 3 62 205 241 255 nos=274748 vazio
112 3 62 205 245 251 nos=260365 vazio
113 3 63 193 253 254 nos=10389 vazio
114 3 63 193 253 255 nos=33646 vazio
115 3 63 195 252 253 nos=28467 vazio
116 3 63 195 253 255 nos=30696 vazio
117 3 63 197 249 255 nos=103847 vazio
118 3 63 199 249 253 nos=103126 vazio
119 3 63 199 251 253 nos=177658 vazio
120 3 63 205 241 254 nos=108369 vazio
121 3 63 205 241 255 nos=208660 vazio
122 3 63 205 245 251 nos=435315 vazio
123 3 125 189 195 254 nos=26370 vazio
124 3 125 189 195 255 nos=43130 vazio
125 3 125 189 199 251 nos=367955 vazio
126 3 127 191 195 253 nos=71917 vazio
127 3 127 191 197 249 nos=388981 vazio
128 3 127 191 199 249 nos=184820 vazio
129 3 196 251 252 255 nos=6512 vazio
130 3 196 251 253 254 nos=7825 vazio
131 3 223 236 243 252 nos=6207 vazio
132 3 223 239 240 252 nos=5966 vazio
133 5 6 249 251 255 nos=6682 vazio
134 5 11 243 252 255 nos=52311 vazio
135 5 11 247 251 255 nos=82178 vazio
136 5 27 235 247 252 nos=198603 vazio
137 5 27 239 247 251 nos=137608 vazio
138 5 31 239 243 251 nos=142968 vazio
139 5 59 195 252 255 nos=60619 vazio
140 5 59 203 247 252 nos=82092 vazio
141 5 59 207 247 251 nos=170439 vazio
142 6 7 249 251 253 nos=3868 vazio
143 6 9 243 252 255 nos=199656 vazio
144 6 9 243 253 255 nos=46243 vazio
145 6 9 247 249 255 nos=19571 vazio
146 6 9 247 251 253 nos=4911 vazio
147 6 13 243 249 255 nos=18793 vazio
148 6 13 243 251 253 nos=10094 vazio
149 6 13 247 249 251 nos=10099 vazio
150 6 15 241 249 255 nos=5223 vazio
151 6 15 241 251 253 nos=9069 vazio
152 6 15 245 249 251 nos=7519 vazio
153 6 29 235 245 251 nos=69152 vazio
154 6 29 239 241 251 nos=19417 vazio
155 6 57 197 251 255 nos=53230 vazio
156 6 57 199 251 253 nos=13274 vazio
157 6 57 201 247 255 nos=83378 vazio
158 6 57 207 245 251 nos=79582 vazio
159 6 57 221 235 247 nos=248416 vazio
160 6 57 223 239 241 nos=46790 vazio
161 6 59 193 253 255 nos=25014 vazio
162 6 59 197 249 255 nos=30038 vazio
163 6 59 201 247 253 nos=26588 vazio
164 6 59 203 245 253 nos=24248 vazio
165 6 59 205 247 249 nos=44438 vazio
166 6 59 207 241 253 nos=23142 vazio
167 6 61 199 249 251 nos=2257 vazio
168 6 61 203 245 251 nos=28572 vazio
169 6 63 193 249 255 nos=1784 vazio
170 6 63 193 251 253 nos=5414 vazio
171 6 63 197 249 251 nos=7055 vazio
172 6 63 207 241 249 nos=7022 vazio
173 6 63 217 233 247 nos=22929 vazio
174 6 123 185 199 253 nos=25743 vazio
175 6 123 187 197 253 nos=68410 vazio
176 6 123 191 197 249 nos=68156 vazio
177 6 127 185 193 255 nos=28742 vazio
178 6 127 185 199 249 nos=8535 vazio
179 6 127 187 193 253 nos=20169 vazio
180 6 127 191 193 249 nos=17684 vazio
181 7 11 240 252 255 nos=1806 vazio
182 7 11 247 249 252 nos=3090 vazio
183 7 11 247 249 255 nos=52244 vazio
184 7 15 243 249 252 nos=4867 vazio
185 7 15 243 249 255 nos=38176 vazio
186 7 15 243 251 253 nos=67928 vazio
187 7 15 247 249 251 nos=28995 vazio
188 7 25 224 254 255 nos=60782 vazio
189 7 25 225 254 255 nos=51907 vazio
190 7 25 230 248 255 nos=22040 vazio
191 7 25 231 249 254 nos=17025 vazio
192 7 27 231 249 252 nos=12783 vazio
193 7 27 231 249 255 nos=68952 vazio
194 7 27 239 243 253 nos=110365 vazio
195 7 30 225 249 255 nos=11548 vazio
196 7 30 225 251 253 nos=17346 vazio
197 7 30 233 241 255 nos=12755 vazio
198 7 30 235 241 253 nos=27654 vazio
199 7 30 239 241 249 nos=8140 vazio
200 7 56 207 243 252 nos=6143 vazio
201 7 59 195 252 253 nos=12774 vazio
202 7 59 195 253 255 nos=83742 vazio
203 7 59 199 249 252 nos=3998 vazio
204 7 59 199 249 255 nos=52000 vazio
205 7 59 207 247 249 nos=93913 vazio
206 7 61 195 251 252 nos=11401 vazio
207 7 61 195 251 255 nos=71318 vazio
208 7 61 203 243 252 nos=46151 vazio
209 7 61 203 243 255 nos=115760 vazio
210 7 62 193 249 255 nos=9539 vazio
211 7 62 193 251 253 nos=68183 vazio
212 7 62 201 241 255 nos=37253 vazio
213 7 62 201 245 251 nos=40706 vazio
214 7 62 207 241 249 nos=23014 vazio
215 7 63 192 248 255 nos=1975 vazio
216 7 120 191 192 255 nos=5751 vazio
217 7 121 191 192 254 nos=22062 vazio
218 7 123 187 199 253 nos=72108 vazio
219 7 126 190 193 249 nos=1752 vazio
220 7 127 191 192 248 nos=3195 vazio
221 7 192 249 254 255 nos=6517 vazio
222 7 193 248 254 255 nos=11608 vazio
223 7 193 250 252 255 nos=1497 vazio
224 7 198 248 249 255 nos=101 vazio
225 7 200 241 254 255 nos=20821 vazio
226 7 201 246 248 255 nos=5580 vazio
227 7 207 240 248 255 nos=19 vazio
228 7 207 246 248 249 nos=45 vazio
229 7 222 238 241 249 nos=6359 vazio
230 11 13 243 247 255 nos=37707 vazio
231 11 55 199 249 252 nos=46424 vazio
232 11 55 199 249 255 nos=103520 vazio
233 13 14 241 243 255 nos=12 vazio
234 13 14 241 247 251 nos=33244 vazio
235 13 14 243 247 249 nos=2603 vazio
236 13 15 243 247 251 nos=46949 vazio
237 13 19 227 252 255 nos=22470 vazio
238 13 19 230 248 255 nos=108807 vazio
239 13 19 231 249 254 nos=98954 vazio
240 13 19 231 249 255 nos=133624 vazio
241 13 19 235 247 252 nos=29754 vazio
242 13 31 227 243 252 nos=12587 vazio
243 13 50 206 241 255 nos=37668 vazio
244 13 51 195 252 255 nos=65015 vazio
245 13 55 207 243 251 nos=76629 vazio
246 14 15 241 243 253 nos=116 vazio
247 14 17 227 253 255 nos=96474 vazio
248 14 17 237 243 255 nos=9001 vazio
249 14 17 237 247 251 nos=66494 vazio
250 14 17 239 241 255 nos=1315 vazio
251 14 17 239 243 253 nos=4209 vazio
252 14 19 225 253 255 nos=26617 vazio
253 14 19 233 245 255 nos=23068 vazio
254 14 19 237 240 255 nos=7670 vazio
255 14 19 237 241 255 nos=7327 vazio
256 14 19 237 243 253 nos=7397 vazio
257 14 19 237 245 251 nos=4445 vazio
258 14 19 239 241 253 nos=23496 vazio
259 14 19 239 245 249 nos=3338 vazio
260 14 29 225 243 255 nos=7386 vazio
261 14 29 225 247 251 nos=21457 vazio
262 14 29 227 241 255 nos=7109 vazio
263 14 29 227 243 253 nos=4319 vazio
264 14 29 227 247 249 nos=4536 vazio
265 14 29 233 243 247 nos=14576 vazio
266 14 29 239 241 243 nos=4396 vazio
267 14 31 225 241 255 nos=1 vazio
268 14 31 225 243 253 nos=1694 vazio
269 14 31 237 241 243 nos=1 vazio
270 14 49 206 241 255 nos=10 vazio
271 14 49 207 240 255 nos=2285 vazio
272 14 49 219 231 252 nos=33208 vazio
273 14 51 193 253 255 nos=34685 vazio
274 14 51 209 237 255 nos=21600 vazio
275 14 51 209 239 253 nos=14996 vazio
276 14 51 213 235 253 nos=34891 vazio
277 14 51 213 239 249 nos=21875 vazio
278 14 51 221 227 253 nos=23248 vazio
279 14 51 221 235 245 nos=37300 vazio
280 14 51 221 239 241 nos=8575 vazio
281 14 53 201 243 255 nos=24508 vazio
282 14 55 195 249 253 nos=6160 vazio
283 14 61 193 243 255 nos=9401 vazio
284 14 61 195 241 255 nos=4452 vazio
285 14 61 195 243 253 nos=883 vazio
286 14 61 195 247 249 nos=7369 vazio
287 14 61 211 225 255 nos=31284 vazio
288 14 61 211 237 243 nos=3469 vazio
289 14 61 215 225 251 nos=28972 vazio
290 14 61 223 225 243 nos=7587 vazio
291 14 63 193 241 255 nos=136 vazio
292 14 63 193 243 253 nos=5340 vazio
293 14 63 195 241 253 nos=6446 vazio
294 14 63 195 245 249 nos=4922 vazio
295 14 63 205 241 243 nos=376 vazio
296 14 113 177 207 255 nos=664 vazio
297 14 115 177 207 253 nos=24658 vazio
298 14 115 179 221 237 nos=43957 vazio
299 14 119 179 205 249 nos=16987 vazio
300 14 121 181 195 255 nos=53396 vazio
301 14 121 181 219 231 nos=59654 vazio
302 14 123 183 205 241 nos=13250 vazio
303 14 123 183 221 225 nos=47072 vazio
304 14 125 177 207 243 nos=3094 vazio
305 14 125 179 193 255 nos=20754 vazio
306 14 125 179 207 241 nos=2952 vazio
307 14 125 189 195 243 nos=14368 vazio
308 14 127 177 207 241 nos=599 vazio
309 14 127 179 193 253 nos=76101 vazio
310 14 127 179 221 225 nos=8591 vazio
311 15 23 224 248 255 nos=116 vazio
312 15 30 225 240 255 nos=22265 vazio
313 15 49 192 254 255 nos=13961 vazio
314 15 51 193 253 254 nos=22627 vazio
315 15 51 193 253 255 nos=64621 vazio
316 15 51 195 252 253 nos=83367 vazio
317 15 51 195 253 255 nos=48483 vazio
318 15 51 204 240 255 nos=2264 vazio
319 15 51 205 241 254 nos=11044 vazio
320 15 51 205 241 255 nos=8609 vazio
321 15 57 199 244 250 nos=1025 vazio
322 15 57 211 238 244 nos=6340 vazio
323 15 61 195 243 252 nos=8540 vazio
324 15 61 195 243 255 nos=19406 vazio
325 15 61 211 227 252 nos=31169 vazio
326 15 61 211 227 255 nos=46449 vazio
327 15 62 192 241 255 nos=1145 vazio
328 15 62 193 241 255 nos=669 vazio
329 15 62 193 243 253 nos=763 vazio
330 15 62 205 241 243 nos=593 vazio
331 15 62 209 225 255 nos=845 vazio
332 15 62 211 225 253 nos=9329 vazio
333 15 62 221 227 241 nos=7545 vazio
334 15 62 223 225 241 nos=417 vazio
335 15 63 192 240 255 nos=1499 vazio
336 15 63 192 243 252 nos=8930 vazio
337 15 63 192 247 248 nos=439 vazio
338 15 63 193 241 254 nos=323 vazio
339 15 63 206 240 241 nos=9 vazio
340 15 63 209 225 254 nos=15882 vazio
341 15 63 211 236 240 nos=1000 vazio
342 15 112 191 192 255 nos=846 vazio
343 15 113 191 193 254 nos=19274 vazio
344 15 113 191 193 255 nos=49605 vazio
345 15 115 188 192 255 nos=17891 vazio
346 15 125 179 193 255 nos=104985 vazio
347 15 126 177 192 255 nos=1366 vazio
348 15 126 191 192 241 nos=1312 vazio
349 15 192 247 251 252 nos=17987 vazio
350 15 193 242 253 254 nos=2035 vazio
351 15 193 246 250 253 nos=12975 vazio
352 15 195 240 253 254 nos=4002 vazio
353 15 195 242 252 253 nos=1160 vazio
354 15 207 240 241 254 nos=5 vazio
355 15 209 224 254 255 nos=3075 vazio
356 15 211 226 252 253 nos=6472 vazio
357 15 220 224 247 251 nos=13244 vazio
358 15 222 225 241 254 nos=363 vazio
359 15 223 224 241 254 nos=228 vazio
360 15 223 225 240 254 nos=1227 vazio
361 19 44 207 240 255 nos=6882 vazio
362 23 63 207 224 248 nos=207 vazio
363 27 39 199 249 252 nos=26089 vazio
364 27 39 199 249 255 nos=37604 vazio
365 27 39 204 240 255 nos=1163 vazio
366 27 39 205 241 254 nos=69542 vazio
367 27 39 205 241 255 nos=30661 vazio
368 27 47 197 242 252 nos=6171 vazio
369 27 61 222 224 231 nos=2996 vazio
370 27 62 199 224 253 nos=9104 vazio
371 29 30 225 227 255 nos=4 vazio
372 29 30 225 231 251 nos=1872 vazio
373 29 30 227 229 251 nos=183 vazio
374 29 30 227 231 249 nos=2556 vazio
375 29 31 225 231 251 nos=3107 vazio
376 29 35 195 252 255 nos=1039 vazio
377 29 35 199 251 252 nos=12717 vazio
378 29 59 195 231 252 nos=17542 vazio
379 29 59 199 227 252 nos=5113 vazio
380 29 62 223 224 227 nos=808 vazio
381 29 63 195 227 252 nos=863 vazio
382 29 127 191 195 227 nos=24376 vazio
383 30 31 224 225 255 nos=7 vazio
384 30 31 224 227 253 nos=4 vazio
385 30 31 224 231 249 nos=1 vazio
386 30 31 225 226 253 nos=13 vazio
387 30 31 225 227 253 nos=1 vazio
388 30 31 225 231 249 nos=4 vazio
389 30 31 227 229 249 nos=3273 vazio
390 30 33 195 253 255 nos=4315 vazio
391 30 33 199 249 255 nos=10952 vazio
392 30 33 217 239 247 nos=32941 vazio
393 30 33 221 231 251 nos=26109 vazio
394 30 33 223 227 253 nos=949 vazio
395 30 33 223 231 249 nos=11184 vazio
396 30 35 197 249 255 nos=26485 vazio
397 30 35 199 249 253 nos=7781 vazio
398 30 35 213 237 251 nos=21905 vazio
399 30 35 217 229 255 nos=983 vazio
400 30 35 217 231 253 nos=4979 vazio
401 30 35 219 229 253 nos=3866 vazio
402 30 35 219 237 245 nos=81579 vazio
403 30 35 221 225 255 nos=1186 vazio
404 30 35 221 229 251 nos=737 vazio
405 30 35 221 231 249 nos=2497 vazio
406 30 35 223 225 253 nos=5 vazio
407 30 35 223 229 249 nos=1078 vazio
408 30 39 193 249 255 nos=2104 vazio
409 30 39 193 251 253 nos=4831 vazio
410 30 39 201 241 255 nos=8739 vazio
411 30 39 201 245 251 nos=37602 vazio
412 30 39 207 241 249 nos=4054 vazio
413 30 39 217 224 255 nos=632 vazio
414 30 39 217 225 255 nos=5148 vazio
415 30 39 217 231 249 nos=5 vazio
416 30 39 217 239 241 nos=2966 vazio
417 30 39 219 224 253 nos=768 vazio
418 30 39 219 229 249 nos=1867 vazio
419 30 39 221 225 251 nos=6801 vazio
420 30 39 223 224 249 nos=815 vazio
421 30 39 223 225 249 nos=1977 vazio
422 30 39 223 233 241 nos=1342 vazio
423 30 61 193 227 255 nos=2114 vazio
424 30 61 193 231 251 nos=132 vazio
425 30 61 195 224 255 nos=414 vazio
426 30 61 195 225 255 nos=1238 vazio
427 30 61 195 227 253 nos=39 vazio
428 30 61 195 229 251 nos=207 vazio
429 30 61 197 227 251 nos=263 vazio
430 30 61 199 225 251 nos=115 vazio
431 30 61 217 227 231 nos=44 vazio
432 30 61 223 225 227 nos=7 vazio
433 30 63 193 225 255 nos=1 vazio
434 30 63 193 227 253 nos=177 vazio
435 30 63 193 231 249 nos=1230 vazio
436 30 63 195 224 253 nos=306 vazio
437 30 63 195 225 253 nos=688 vazio
438 30 63 199 224 249 nos=63 vazio
439 30 63 207 225 240 nos=6363 vazio
440 30 63 217 227 229 nos=1236 vazio
441 30 63 221 225 227 nos=1 vazio
442 30 63 223 224 225 nos=2 vazio
443 30 101 163 217 255 nos=34657 vazio
444 30 101 163 223 249 nos=106764 vazio
445 30 103 167 217 249 nos=12706 vazio
446 30 103 185 193 255 nos=279 vazio
447 30 103 185 221 227 nos=1700 vazio
448 30 103 185 223 224 nos=5245 vazio
449 30 103 185 223 225 nos=873 vazio
450 30 117 171 199 249 nos=20663 vazio
451 30 117 173 219 227 nos=1983 vazio
452 30 119 175 193 249 nos=6873 vazio
453 30 121 167 195 253 nos=1666 vazio
454 30 123 167 193 253 nos=107 vazio
455 30 123 167 197 249 nos=13714 vazio
456 30 125 163 193 255 nos=577 vazio
457 30 125 163 223 224 nos=28 vazio
458 30 125 187 199 224 nos=113 vazio
459 30 125 189 195 227 nos=5302 vazio
460 30 127 163 193 253 nos=27 vazio
461 30 127 185 197 227 nos=1903 vazio
462 30 127 189 193 227 nos=61 vazio
463 30 127 189 195 225 nos=1450 vazio
464 30 127 191 193 225 nos=6 vazio
465 31 33 192 254 255 nos=421 vazio
466 31 35 193 253 254 nos=10424 vazio
467 31 35 193 253 255 nos=23822 vazio
468 31 39 209 232 254 nos=409 vazio
469 31 39 216 225 254 nos=1 vazio
470 31 39 216 232 247 nos=89 vazio
471 31 39 223 232 240 nos=277 vazio
472 31 47 192 240 255 nos=4 vazio
473 31 47 192 241 254 nos=546 vazio
474 31 47 192 243 252 nos=399 vazio
475 31 47 193 241 254 nos=1402 vazio
476 31 47 193 241 255 nos=2363 vazio
477 31 47 206 240 241 nos=428 vazio
478 31 47 208 224 255 nos=2457 vazio
479 31 47 209 225 254 nos=2818 vazio
480 31 47 209 225 255 nos=6860 vazio
481 31 47 211 236 240 nos=1 vazio
482 31 47 216 224 247 nos=3 vazio
483 31 56 193 231 254 nos=1 vazio
484 31 56 193 238 247 nos=3441 vazio
485 31 56 200 231 247 nos=3 vazio
486 31 56 207 224 247 nos=48 vazio
487 31 56 223 224 231 nos=1 vazio
488 31 57 201 231 247 nos=20046 vazio
489 31 57 207 225 247 nos=27245 vazio
490 31 57 222 224 231 nos=3 vazio
491 31 60 195 224 255 nos=3 vazio
492 31 60 199 224 251 nos=3 vazio
493 31 60 223 224 227 nos=4 vazio
494 31 61 222 224 227 nos=68 vazio
495 31 62 205 227 240 nos=342 vazio
496 31 62 217 224 231 nos=1 vazio
497 31 62 223 224 225 nos=1 vazio
498 31 63 193 224 254 nos=3 vazio
499 31 63 199 224 248 nos=1 vazio
500 31 63 216 224 231 nos=1 vazio
501 31 63 221 225 227 nos=4237 vazio
502 31 63 222 224 225 nos=1 vazio
503 31 96 160 223 255 nos=3 vazio
504 31 97 161 222 254 nos=357 vazio
505 31 97 161 223 254 nos=1 vazio
506 31 97 161 223 255 nos=3 vazio
507 31 97 162 221 254 nos=52 vazio
508 31 99 163 221 253 nos=35240 vazio
509 31 101 163 216 254 nos=3743 vazio
510 31 102 184 223 225 nos=149 vazio
511 31 103 185 222 224 nos=198 vazio
512 31 103 191 216 224 nos=4 vazio
513 31 107 167 220 240 nos=223 vazio
514 31 112 168 223 231 nos=5631 vazio
515 31 119 175 216 224 nos=15 vazio
516 31 119 175 217 225 nos=28178 vazio
517 31 125 191 195 225 nos=21547 vazio
518 31 126 191 193 224 nos=2 vazio
519 39 57 222 223 224 nos=57 vazio
520 39 95 159 224 248 nos=10 vazio
521 39 126 153 223 224 nos=61 vazio
522 39 223 239 240 248 nos=100 vazio
523 47 55 216 223 224 nos=5 vazio
524 47 55 217 222 224 nos=861 vazio
525 48 63 192 223 239 nos=1 vazio
526 49 62 192 207 255 nos=1 vazio
527 49 62 192 223 239 nos=639 vazio
528 49 111 159 192 254 nos=138 vazio
529 49 126 143 192 255 nos=622 vazio
530 49 126 191 192 207 nos=3 vazio
531 51 60 192 207 255 nos=3 vazio
532 51 60 192 223 239 nos=1337 vazio
533 51 61 193 207 254 nos=7243 vazio
534 51 62 192 207 253 nos=2 vazio
535 51 62 197 203 252 nos=3 vazio
536 51 63 195 220 236 nos=1 vazio
537 51 63 204 207 240 nos=5 vazio
538 51 111 159 193 253 nos=276145 vazio
539 51 111 159 204 240 nos=3748 vazio
540 51 125 143 193 254 nos=1051 vazio
541 51 126 143 192 253 nos=1 vazio
542 51 127 188 192 207 nos=416 vazio
543 53 63 195 206 248 nos=146 vazio
544 55 59 205 206 240 nos=736 vazio
545 56 63 192 207 247 nos=1 vazio
546 57 59 197 199 254 nos=7 vazio
547 57 59 197 199 255 nos=1242 vazio
548 57 62 195 199 252 nos=141 vazio
549 57 62 199 223 224 nos=1 vazio
550 57 62 207 215 224 nos=725 vazio
551 57 63 199 222 224 nos=2 vazio
552 57 87 143 224 254 nos=895 vazio
553 57 103 158 223 224 nos=2 vazio
554 59 61 195 199 252 nos=1 vazio
555 59 61 195 199 255 nos=7518 vazio
556 59 62 195 197 252 nos=1 vazio
557 59 63 195 199 253 nos=6944 vazio
558 59 71 135 249 252 nos=5867 vazio
559 59 71 135 249 255 nos=26704 vazio
560 59 93 190 199 224 nos=5398 vazio
561 59 113 141 199 254 nos=13957 vazio
562 59 113 141 199 255 nos=5718 vazio
563 59 119 143 195 253 nos=63136 vazio
564 59 125 135 193 255 nos=40930 vazio
565 60 63 195 223 224 nos=4 vazio
566 60 95 191 195 224 nos=1 vazio
567 60 99 159 223 224 nos=1 vazio
568 60 123 183 192 207 nos=2375 vazio
569 61 62 193 195 255 nos=1 vazio
570 61 62 193 207 243 nos=2 vazio
571 61 62 195 199 249 nos=1 vazio
572 61 62 195 205 243 nos=1 vazio
573 61 62 197 203 243 nos=1406 vazio
574 61 63 193 195 254 nos=7 vazio
575 61 63 193 195 255 nos=1 vazio
576 61 63 193 207 243 nos=8059 vazio
577 61 67 131 252 255 nos=2282 vazio
578 61 71 131 251 252 nos=1 vazio
579 61 71 187 193 254 nos=3058 vazio
580 61 75 135 243 252 nos=8108 vazio
581 61 79 131 243 252 nos=3 vazio
582 61 79 179 193 254 nos=5898 vazio
583 61 79 179 193 255 nos=27515 vazio
584 61 79 179 195 252 nos=233 vazio
585 61 79 179 195 255 nos=13683 vazio
586 61 94 163 223 224 nos=104 vazio
587 61 99 147 207 255 nos=28889 vazio
588 61 115 131 207 255 nos=50720 vazio
589 61 115 139 199 252 nos=4067 vazio
590 61 115 139 199 255 nos=65702 vazio
591 61 123 131 199 252 nos=587 vazio
592 61 123 131 199 255 nos=21424 vazio
593 61 123 135 195 252 nos=297 vazio
594 61 123 135 195 255 nos=11051 vazio
595 61 123 183 193 207 nos=152720 vazio
596 61 126 131 192 255 nos=42 vazio
597 61 126 135 192 251 nos=2 vazio
598 61 126 191 192 195 nos=3 vazio
599 61 127 131 195 252 nos=18 vazio
600 61 127 131 195 255 nos=10875 vazio
601 62 63 192 193 255 nos=1 vazio
602 62 63 192 195 253 nos=3 vazio
603 62 63 192 207 241 nos=1 vazio
604 62 63 193 195 253 nos=1 vazio
605 62 63 193 207 241 nos=1 vazio
606 62 63 195 204 241 nos=1 vazio
607 62 63 195 205 241 nos=1 vazio
608 62 63 195 221 224 nos=7 vazio
609 62 63 199 217 224 nos=1 vazio
610 62 63 206 209 225 nos=3 vazio
611 62 63 207 209 225 nos=6 vazio
612 62 67 129 253 255 nos=1 vazio
613 62 67 191 192 253 nos=1 vazio
614 62 71 133 249 251 nos=1 vazio
615 62 71 137 245 251 nos=11130 vazio
616 62 71 153 224 255 nos=1 vazio
617 62 71 177 203 253 nos=212 vazio
618 62 75 135 241 253 nos=3583 vazio
619 62 77 131 241 255 nos=1 vazio
620 62 77 177 195 255 nos=1413 vazio
621 62 79 129 241 255 nos=3 vazio
622 62 79 129 243 253 nos=1059 vazio
623 62 79 177 192 255 nos=5 vazio
624 62 79 177 193 255 nos=1 vazio
625 62 79 177 195 253 nos=5 vazio
626 62 79 177 205 243 nos=1 vazio
627 62 79 177 207 241 nos=1 vazio
628 62 79 179 192 253 nos=1 vazio
629 62 79 191 192 241 nos=5 vazio
630 62 93 155 224 231 nos=1 vazio
631 62 97 145 207 255 nos=2 vazio
632 62 107 177 205 215 nos=5096 vazio
633 62 109 177 195 223 nos=2 vazio
634 62 111 159 192 241 nos=1 vazio
635 62 111 159 193 241 nos=1 vazio
636 62 111 159 209 225 nos=1 vazio
637 62 111 177 195 221 nos=393 vazio
638 62 113 129 207 255 nos=9 vazio
639 62 113 129 223 239 nos=4 vazio
640 62 115 131 221 237 nos=1032 vazio
641 62 115 139 205 245 nos=6977 vazio
642 62 115 177 205 207 nos=2166 vazio
643 62 117 139 205 243 nos=2 vazio
644 62 121 133 195 255 nos=2 vazio
645 62 121 133 207 243 nos=1 vazio
646 62 121 135 197 251 nos=2 vazio
647 62 123 133 195 253 nos=4 vazio
648 62 123 133 199 249 nos=1 vazio
649 62 123 181 199 201 nos=1 vazio
650 62 123 185 197 199 nos=1 vazio
651 62 125 129 195 255 nos=1 vazio
652 62 125 129 199 251 nos=121 vazio
653 62 125 129 207 243 nos=1517 vazio
654 62 125 131 193 255 nos=3 vazio
655 62 125 131 195 253 nos=1 vazio
656 62 125 131 207 241 nos=5 vazio
657 62 125 135 193 251 nos=1 vazio
658 62 125 137 199 243 nos=3 vazio
659 62 125 139 199 241 nos=277 vazio
660 62 125 143 193 243 nos=1 vazio
661 62 125 177 195 207 nos=1 vazio
662 62 125 177 199 203 nos=3 vazio
663 62 125 179 192 207 nos=3 vazio
664 62 125 179 195 205 nos=289 vazio
665 62 127 129 193 255 nos=1 vazio
666 62 127 129 195 253 nos=1 vazio
667 62 127 129 207 241 nos=1 vazio
668 62 127 131 193 253 nos=1 vazio
669 62 127 133 195 249 nos=1 vazio
670 62 127 143 209 225 nos=1 vazio
671 62 127 177 192 207 nos=1 vazio
672 62 127 177 195 205 nos=1 vazio
673 62 127 189 193 195 nos=1 vazio
674 62 192 207 243 253 nos=1 vazio
675 62 193 198 249 255 nos=1 vazio
676 62 194 197 249 255 nos=189 vazio
677 62 195 199 249 252 nos=3 vazio
678 62 197 198 249 251 nos=2 vazio
679 62 198 201 245 251 nos=2 vazio
680 62 198 205 243 249 nos=2 vazio
681 62 207 209 225 254 nos=8 vazio
682 63 65 129 254 255 nos=1 vazio
683 63 67 131 252 253 nos=2 vazio
684 63 67 131 253 255 nos=1356 vazio
685 63 71 153 224 254 nos=1 vazio
686 63 71 184 192 255 nos=3 vazio
687 63 71 184 199 248 nos=1 vazio
688 63 71 184 206 241 nos=9 vazio
689 63 77 177 195 254 nos=1 vazio
690 63 77 177 206 242 nos=1 vazio
691 63 77 177 218 230 nos=737 vazio
692 63 89 167 222 224 nos=1 vazio
693 63 89 190 199 224 nos=1 vazio
694 63 94 153 224 231 nos=1 vazio
695 63 94 163 221 224 nos=1 vazio
696 63 94 189 195 224 nos=1 vazio
697 63 96 144 223 239 nos=1 vazio
698 63 99 147 220 236 nos=1 vazio
699 63 111 159 192 240 nos=35 vazio
700 63 111 159 208 224 nos=1 vazio
701 63 112 143 192 255 nos=6 vazio
702 63 113 143 192 254 nos=1 vazio
703 63 113 143 193 254 nos=1 vazio
704 63 113 143 193 255 nos=1 vazio
705 63 114 177 204 207 nos=1946 vazio
706 63 115 188 192 207 nos=1 vazio
707 63 115 188 195 204 nos=1 vazio
708 63 120 159 199 224 nos=1 vazio
709 63 125 143 193 243 nos=296 vazio
710 63 125 191 193 195 nos=1012 vazio
711 63 126 135 192 249 nos=1 vazio
712 63 126 185 192 199 nos=1 vazio
713 63 126 191 192 193 nos=1 vazio
714 63 127 135 192 248 nos=1 vazio
715 63 127 143 192 240 nos=1 vazio
716 63 127 143 193 241 nos=1920 vazio
717 63 127 176 192 207 nos=1 vazio
718 63 127 177 193 207 nos=929 vazio
719 63 192 193 254 255 nos=18 vazio
720 63 192 207 241 254 nos=1 vazio
721 63 192 223 239 240 nos=85 vazio
722 63 193 195 252 254 nos=7 vazio
723 63 193 198 251 252 nos=18 vazio
724 63 193 206 240 255 nos=122 vazio
725 63 193 206 243 252 nos=1 vazio
726 63 193 222 238 241 nos=28 vazio
727 63 195 197 248 254 nos=322 vazio
728 63 198 201 247 248 nos=4 vazio
729 63 199 203 240 252 nos=1 vazio
730 63 206 207 240 241 nos=1 vazio
731 63 206 221 227 240 nos=20 vazio
732 63 207 208 224 255 nos=3 vazio
733 64 127 128 191 255 nos=1 vazio
734 65 126 129 190 255 nos=2 vazio
735 65 127 129 191 254 nos=1 vazio
736 65 127 129 191 255 nos=282 vazio
737 65 131 252 254 255 nos=34 vazio
738 66 188 195 253 255 nos=2 vazio
739 66 188 207 241 255 nos=18 vazio
740 67 125 131 189 254 nos=1 vazio
741 67 125 131 189 255 nos=2 vazio
742 67 125 190 191 192 nos=1 vazio
743 67 177 206 253 254 nos=101 vazio
744 67 177 222 238 253 nos=1767 vazio
745 67 189 194 253 254 nos=1 vazio
746 67 189 198 250 253 nos=1 vazio
747 68 186 199 249 255 nos=2 vazio
748 68 186 207 243 253 nos=202 vazio
749 69 126 131 190 249 nos=1 vazio
750 69 187 195 252 254 nos=61 vazio
751 70 184 195 253 255 nos=1 vazio
752 70 184 205 247 251 nos=369 vazio
753 70 190 207 241 249 nos=2 vazio
754 71 123 189 191 193 nos=1 vazio
755 71 185 198 250 253 nos=147 vazio
756 77 177 194 254 255 nos=4 vazio
757 78 182 201 245 251 nos=982 vazio
758 78 190 223 225 241 nos=2 vazio
759 79 115 189 191 193 nos=13123 vazio
760 79 126 177 191 192 nos=1 vazio
761 79 176 193 254 255 nos=1 vazio
762 79 176 207 240 255 nos=1 vazio
763 79 176 207 243 252 nos=1 vazio
764 79 177 192 254 255 nos=5 vazio
765 88 160 207 247 255 nos=127 vazio
766 89 119 158 175 224 nos=4 vazio
767 89 127 158 167 224 nos=1 vazio
768 95 111 176 191 192 nos=2 vazio
769 95 111 177 190 192 nos=1247 vazio
770 95 121 158 167 224 nos=1 vazio
771 96 144 223 239 255 nos=1 vazio
772 97 145 206 254 255 nos=1196 vazio
773 99 156 223 239 240 nos=18 vazio
774 99 160 223 253 254 nos=1853 vazio
775 103 160 223 249 254 nos=7005 vazio
776 111 124 159 179 192 nos=1 vazio
777 111 145 207 242 252 nos=1 vazio
778 112 128 223 239 255 nos=2 vazio
779 112 136 207 247 255 nos=1 vazio
780 112 142 223 239 241 nos=24 vazio
781 112 176 207 223 239 nos=57 vazio
782 113 126 143 191 192 nos=1 vazio
783 113 129 206 254 255 nos=282 vazio
784 113 137 198 254 255 nos=235 vazio
785 113 142 223 239 240 nos=251 vazio
786 113 176 206 207 255 nos=2 vazio
787 113 178 205 207 254 nos=1 vazio
788 113 190 206 221 227 nos=2 vazio
789 113 190 206 223 225 nos=189 vazio
790 114 189 193 222 239 nos=246 vazio
791 115 124 143 191 192 nos=1 vazio
792 115 124 159 175 192 nos=1 vazio
793 115 140 195 252 255 nos=2 vazio
794 115 141 202 246 253 nos=285 vazio
795 116 136 223 239 243 nos=42 vazio
796 119 123 143 189 193 nos=7901 vazio
797 119 137 199 250 252 nos=1 vazio
798 120 128 207 247 255 nos=1 vazio
799 120 132 199 251 255 nos=2 vazio
800 120 135 207 247 248 nos=1 vazio
801 120 184 199 207 247 nos=43 vazio
802 120 191 193 206 247 nos=739 vazio
803 120 191 193 207 246 nos=7 vazio
804 120 191 198 199 249 nos=1 vazio
805 121 129 198 254 255 nos=4 vazio
806 121 133 194 254 255 nos=3 vazio
807 121 133 198 250 255 nos=1 vazio
808 121 134 195 252 255 nos=60 vazio
809 121 135 195 252 254 nos=7 vazio
810 121 135 196 250 255 nos=2 vazio
811 121 135 199 250 252 nos=1 vazio
812 121 190 198 201 247 nos=1 vazio
813 121 190 198 205 243 nos=2 vazio
814 122 189 193 207 246 nos=139 vazio
815 123 132 199 250 253 nos=1 vazio
816 123 133 194 252 255 nos=1 vazio
817 123 133 198 248 255 nos=1 vazio
818 123 133 202 246 253 nos=1 vazio
819 123 186 197 199 252 nos=1 vazio
820 123 188 194 197 255 nos=3053 vazio
821 123 188 195 197 254 nos=2 vazio
822 123 188 199 202 245 nos=150 vazio
823 124 128 199 251 255 nos=1 vazio
824 124 128 207 243 255 nos=2 vazio
825 124 131 193 254 255 nos=1 vazio
826 124 179 207 222 225 nos=844 vazio
827 125 129 194 254 255 nos=1 vazio
828 125 130 193 254 255 nos=1 vazio
829 125 130 195 253 254 nos=1 vazio
830 125 130 205 243 254 nos=1 vazio
831 125 131 192 254 255 nos=2 vazio
832 125 131 194 252 255 nos=1 vazio
833 125 131 195 252 254 nos=1 vazio
834 125 131 206 240 255 nos=1 vazio
835 125 131 207 242 252 nos=19 vazio
836 125 131 207 244 250 nos=787 vazio
837 125 178 193 206 255 nos=762 vazio
838 125 178 195 205 254 nos=1 vazio
839 125 178 197 203 254 nos=24 vazio
840 125 188 194 195 255 nos=1 vazio
841 125 190 193 195 254 nos=1 vazio
842 125 190 194 205 243 nos=1 vazio
843 126 127 143 177 192 nos=1 vazio
844 126 129 193 254 255 nos=1 vazio
845 126 129 207 241 254 nos=1 vazio
846 126 129 223 239 240 nos=145 vazio
847 126 160 223 227 253 nos=1 vazio
848 126 177 192 223 239 nos=128 vazio
849 126 177 206 207 241 nos=1 vazio
850 126 177 207 223 224 nos=1 vazio
851 126 185 192 207 247 nos=4 vazio
852 126 185 198 199 249 nos=1 vazio
853 126 185 199 207 240 nos=1 vazio
854 126 185 200 215 231 nos=1372 vazio
855 126 189 192 199 251 nos=1 vazio
856 126 189 193 194 255 nos=1 vazio
857 126 189 199 200 243 nos=395 vazio
858 126 191 192 193 255 nos=1 vazio
859 126 191 192 195 253 nos=1 vazio
860 126 191 192 207 241 nos=1 vazio
861 126 191 193 194 253 nos=1 vazio
862 126 191 193 195 252 nos=1 vazio
863 126 191 193 198 249 nos=1 vazio
864 126 191 193 206 241 nos=21 vazio
865 126 191 194 197 249 nos=1 vazio
866 126 191 194 205 241 nos=2 vazio
867 126 191 198 201 241 nos=1 vazio
868 126 191 206 209 225 nos=1 vazio
869 127 161 192 254 255 nos=1 vazio
870 127 184 192 199 255 nos=1 vazio
871 127 184 192 207 247 nos=655 vazio
872 127 184 193 199 254 nos=1 vazio
873 127 184 195 197 254 nos=1 vazio
874 127 184 198 201 247 nos=304 vazio
875 127 184 198 205 243 nos=1 vazio
876 127 184 198 207 241 nos=4 vazio
877 127 184 199 200 247 nos=1 vazio
878 127 184 199 201 246 nos=4 vazio
879 127 184 199 206 241 nos=4 vazio
880 127 184 199 207 240 nos=1 vazio
881 127 184 200 215 231 nos=346 vazio
882 127 184 206 213 227 nos=1467 vazio
883 127 184 206 215 225 nos=1 vazio
884 127 188 192 207 243 nos=1 vazio
885 127 188 193 195 254 nos=1 vazio
886 127 188 194 199 249 nos=1 vazio
887 127 188 194 205 243 nos=2666 vazio
888 127 188 195 196 251 nos=1 vazio
889 127 188 195 198 249 nos=3 vazio
890 127 188 195 199 248 nos=1 vazio
891 127 188 195 205 242 nos=20 vazio
892 127 188 195 207 240 nos=4 vazio
893 127 188 197 203 242 nos=1054 vazio
894 127 188 198 201 243 nos=2 vazio
895 127 188 199 200 243 nos=4 vazio
896 127 188 199 203 240 nos=1302 vazio
897 127 190 193 224 255 nos=1 vazio
898 127 190 193 225 254 nos=1 vazio
899 127 190 193 231 248 nos=2 vazio
900 127 191 192 193 254 nos=1 vazio
901 127 191 192 199 248 nos=10 vazio
902 127 191 192 207 240 nos=1 vazio
903 127 191 193 206 240 nos=1 vazio
904 127 191 195 204 240 nos=2 vazio
905 127 191 207 208 224 nos=2 vazio
906 192 223 239 240 255 nos=2451 vazio
907 193 195 252 254 255 nos=2 vazio
908 193 198 250 253 255 nos=323 vazio
FIM NAO_EXISTE reps_feitos=909 nos=18524245 tempo=120.90
