CERT 2 8 2 11 D=4 reps=139 parte=0/1 ordem=inv
0 0 225 254 255 nos=432001 vazio
1 0 231 248 255 nos=679771 vazio
2 0 241 254 255 nos=232895 vazio
3 0 247 251 252 nos=366918 vazio
4 0 249 254 255 nos=38856 vazio
5 1 243 253 255 nos=1437000 vazio
6 2 253 254 255 nos=30715 vazio
7 4 249 254 255 nos=210998 vazio
8 4 251 252 255 nos=28487 vazio
9 5 251 253 255 nos=1184081 vazio
10 6 251 252 255 nos=584949 vazio
11 8 241 254 255 nos=960580 vazio
12 8 246 249 255 nos=244629 vazio
13 8 247 248 255 nos=43480 vazio
14 8 247 249 254 nos=520496 vazio
15 9 247 249 255 nos=389744 vazio
16 14 247 251 252 nos=1795335 vazio
17 16 225 254 255 nos=424377 vazio
18 16 227 252 255 nos=630856 vazio
19 16 238 241 255 nos=222969 vazio
20 16 238 243 253 nos=758262 vazio
21 16 239 240 255 nos=17539 vazio
22 16 239 241 254 nos=361163 vazio
23 16 239 243 252 nos=691961 vazio
24 17 227 253 255 nos=2309834 vazio
25 17 239 241 255 nos=121054 vazio
26 17 239 243 253 nos=779324 vazio
27 30 227 252 255 nos=238109 vazio
28 30 231 248 255 nos=1049268 vazio
29 30 231 251 252 nos=1764274 vazio
30 31 224 252 255 nos=20163 vazio
31 31 224 253 254 nos=218857 vazio
32 31 224 254 255 nos=16154 vazio
33 31 225 252 254 nos=125851 vazio
34 31 225 253 255 nos=49785 vazio
35 31 227 252 254 nos=647397 vazio
36 31 227 253 255 nos=46211 vazio
37 31 239 240 255 nos=32357 vazio
38 32 223 224 255 nos=22 vazio
39 32 223 225 254 nos=7143 vazio
40 32 223 231 248 nos=111191 vazio
41 33 195 253 255 nos=411231 vazio
42 33 199 249 255 nos=927226 vazio
43 56 223 238 241 nos=1296274 vazio
44 56 223 239 240 nos=517274 vazio
45 59 193 253 255 nos=5647 vazio
46 59 205 240 254 nos=114340 vazio
47 59 205 241 255 nos=77664 vazio
48 60 223 224 255 nos=36857 vazio
49 61 192 254 255 nos=3374 vazio
50 62 192 249 255 nos=12665 vazio
51 62 192 251 253 nos=82465 vazio
52 62 201 240 255 nos=32021 vazio
53 62 207 240 249 nos=100202 vazio
54 62 221 224 255 nos=47747 vazio
55 62 223 224 253 nos=16663 vazio
56 62 223 224 255 nos=10908 vazio
57 63 192 240 255 nos=390 vazio
58 63 192 241 254 nos=18 vazio
59 63 192 243 252 nos=2194 vazio
60 63 192 248 255 nos=1 vazio
61 63 192 249 254 nos=14 vazio
62 63 192 252 255 nos=61 vazio
63 63 192 253 254 nos=43 vazio
64 63 192 254 255 nos=1 vazio
65 63 193 240 254 nos=32779 vazio
66 63 193 241 255 nos=6981 vazio
67 63 193 242 252 nos=30525 vazio
68 63 193 243 253 nos=14407 vazio
69 63 193 249 255 nos=6434 vazio
70 63 193 253 255 nos=512 vazio
71 63 199 248 255 nos=64867 vazio
72 63 200 240 255 nos=246 vazio
73 63 201 240 254 nos=237298 vazio
74 63 201 241 255 nos=246 vazio
75 63 204 241 242 nos=38340 vazio
76 63 205 242 252 nos=6288 vazio
77 63 206 240 241 nos=7743 vazio
78 63 220 224 255 nos=4259 vazio
79 63 221 224 254 nos=2501 vazio
80 63 221 225 255 nos=12119 vazio
81 63 222 224 255 nos=2423 vazio
82 63 223 224 252 nos=1740 vazio
83 63 223 224 254 nos=72 vazio
84 63 223 224 255 nos=19 vazio
85 63 223 225 253 nos=2519 vazio
86 63 223 225 255 nos=244 vazio
87 103 185 223 225 nos=7110 vazio
88 115 188 192 255 nos=141 vazio
89 125 179 192 254 nos=1058 vazio
90 125 187 192 254 nos=6351 vazio
91 126 185 192 255 nos=6 vazio
92 126 189 223 224 nos=2099 vazio
93 127 176 192 255 nos=27 vazio
94 127 177 192 254 nos=1132 vazio
95 127 177 193 207 nos=170 vazio
96 127 177 193 255 nos=4 vazio
97 127 179 193 253 nos=7223 vazio
98 127 184 192 255 nos=10 vazio
99 127 185 192 254 nos=18 vazio
100 127 185 193 255 nos=5 vazio
101 127 187 193 253 nos=1176 vazio
102 127 188 192 243 nos=220 vazio
103 127 188 192 255 nos=9 vazio
104 127 188 204 243 nos=3 vazio
105 127 188 205 242 nos=11321 vazio
106 127 189 192 254 nos=37 vazio
107 127 189 193 195 nos=5 vazio
108 127 189 193 243 nos=2181 vazio
109 127 189 195 225 nos=5 vazio
110 127 190 192 241 nos=2 vazio
111 127 190 192 249 nos=86 vazio
112 127 191 192 240 nos=1 vazio
113 127 191 192 248 nos=24 vazio
114 127 191 192 252 nos=24 vazio
115 127 191 192 254 nos=390 vazio
116 127 191 192 255 nos=923 vazio
117 127 191 199 248 nos=4762 vazio
118 127 191 207 240 nos=19 vazio
119 127 191 220 224 nos=3197 vazio
120 192 195 253 255 nos=18 vazio
121 192 207 241 255 nos=16 vazio
122 192 223 224 255 nos=1 vazio
123 192 241 254 255 nos=1 vazio
124 192 243 252 255 nos=9 vazio
125 192 249 254 255 nos=1 vazio
126 192 253 254 255 nos=3 vazio
127 194 204 243 253 nos=1 vazio
128 194 253 254 255 nos=3 vazio
129 196 251 252 255 nos=1 vazio
130 196 251 253 254 nos=66 vazio
131 200 247 248 255 nos=1 vazio
132 200 247 249 254 nos=1 vazio
133 207 240 252 255 nos=51 vazio
134 207 240 253 254 nos=5 vazio
135 207 240 254 255 nos=1 vazio
136 223 224 240 255 nos=1 vazio
137 223 224 241 254 nos=1 vazio
138 223 224 243 252 nos=3 vazio
FIM NAO_EXISTE reps_feitos=139 nos=24042821 tempo=177.04
