000000000
000151540
000313150
000545430
001326464
001400234
001632544
002026621
002251231
002645151
003264545
003345315
003500625
004126312
004513232
004664002
005132626
005213466
005445006
006064463
006451313
006532111
006532153
010000063
010232303
010626223
011245610
011326450
011551060
012100454
012564304
012645144
013113061
013264531
013345321
013426141
014045535
014432455
014513225
015051142
015132612
015364222
016064466
016300536
016451306
016613616
020151526
020545446
020626216
021164133
021245603
021400213
021551053
022026600
022413520
022564360
023032214
023113054
023345364
024126331
024351601
024432441
024664051
025051135
025213445
025600365
026226052
026300522
026532132
030000042
030464662
030545432
030626222
031013356
031164126
031326436
032332043
032413513
032645123
033032200
033264510
033651430
034200124
034351664
034513204
035132661
035526511
035600351
036145205
036226045
036451355
036613635
040313115
040464655
040626265
041013342
041245652
041400232
041632502
042251266
042332036
042413526
042564346
043113033
043500653
043651423
044126340
044200110
044432420
045051114
045445034
045526504
046064421
046145261
046300501
046532113
050232331
050313101
050545411
051164105
051164161
051551025
051632565
052100412
052251252
052413562
053032256
053426106
053500646
054045563
054126333
054200133
054351643
055132610
055364250
055445020
055600330
056064414
056226024
056613644
060151554
060232324
060464634
061013321
061164165
061400241
061551011
062026635
062100405
062332015
063345322
063426162
063651402
064045556
064200166
064664016
065213403
065364243
065526553
066145240
066532160
066613630
100105563
100562413
100643253
101111100
101262640
101424250
102043644
102430564
102511334
102662124
103056251
103130021
103362331
104305645
104456415
104611025
105005102
105230412
105311262
105624332
106243026
106324566
106556106
110024016
110105556
110411636
110562406
111030323
111111163
111343403
112356010
112430550
112662160
113056244
113211554
113443134
113605404
114224161
114305631
114530241
115156635
115543555
115624325
116162242
116243012
116405322
120330152
120411622
120643232
121030316
121262626
121656546
122205233
122356003
122511313
123130000
123524620
123605460
124143314
124224154
124456464
125005151
125230431
125462001
125543541
126011465
126162235
126243025
126324545
130024035
130256305
130330145
130562455
131030322
131111142
131505062
131656532
132124456
132205226
132430536
133056223
133443143
133524613
134062530
134143300
134305610
135156616
135311224
135462064
135624304
136011451
136243061
136630611
140105521
140256361
140411601
140411664
141030365
141424215
141505055
142043602
142124442
142356052
143362366
143443136
143524636
143605446
144062523
144224133
144456413
144611053
145230440
145311210
145543520
146162214
146556134
146630604
150024044
150105514
150330124
150411661
151343431
151424201
151656511
152043665
152205205
152662125
153211512
153362352
153524662
154143356
154530206
154611046
155156663
155230433
155462043
156011430
156405350
156556120
160024030
160256340
160643260
161262654
161343424
161505034
162124421
162511341
162662111
163130035
163211505
163443115
164062502
164456422
164530262
165005116
165156614
165156656
165311266
166162233
166324503
166405343
166630653
200354126
200435666
200660206
201054353
201216663
201603513
202060630
202222200
202303040
202535350
203154044
203541664
203622434
204160351
204241121
204403431
205022125
205416045
205560515
206035432
206116202
206341512
206422352
210203342
210354112
210516422
211135116
211522036
211603506
212141423
212222263
212454503
213003260
213460110
213541650
214016504
214160344
214322654
214554234
215335261
215416031
215560521
215641341
216035425
216260035
216654655
220122565
220203335
220354125
220435645
221054332
221441252
221522022
222060646
222141416
222303026
223316333
223460103
223622413
224016560
224241100
224403412
224635020
225254414
225335254
225560564
226116251
226341531
226503101
226654641
230041011
230122551
230354161
231360405
231441245
231603555
232060632
232141432
232222242
232616162
233003216
233235556
233316326
233541636
234160323
234554243
234635013
235103630
235254400
235416010
236035404
236035460
236422324
236503164
240041004
240203314
240660234
241216621
241360461
241522001
242141465
242535315
242616155
243154002
243235542
243460152
244016546
244403466
244554236
245022153
245103623
245335233
246035464
246341540
246422310
246654620
250122530
250516450
250660220
251135144
251216614
251441224
252060611
252454531
252535301
253003225
253154065
253316305
254322612
254403410
254403452
254635062
255022146
255254456
255416036
255641306
256260063
256341533
256503143
260041053
260435603
260516443
261054360
261135130
261216620
261360440
262303054
262454524
262616134
263003211
263235521
263622441
264241135
264322605
264554215
264635065
265103602
265560522
265641362
266116216
266260056
266422366
300146532
300220302
300452612
301001306
301465226
301546066
302014613
302165453
302320063
303101030
303333300
303414140
303646450
304033534
304114324
304265144
304652064
305201451
305352221
305514531
306133225
306520145
306601615
310065055
310146525
310301135
311314442
311465212
311620522
312014606
312246216
312633136
313020215
313252523
313333363
313565603
314114360
314501210
314652050
315120604
315201444
315433054
315665334
316052441
316446361
316520131
316601621
320065041
320220351
320614201
321233665
321314435
321465235
321546045
322165432
322320012
322552352
322633122
323101046
323252516
323414126
324033513
324420433
324501203
325046120
325120660
325352200
325352263
326365514
326446354
326601664
330146504
330533424
330614264
331152111
331233651
331465261
332014655
332401505
332552345
333020262
333101032
333333342
334346656
334420426
334652036
335046113
335201423
335352260
335665343
336214030
336365500
336520110
340065020
340452640
340533410
341001334
341152104
341314414
342320021
342401561
342633101
343020213
343020255
343252565
343646415
344033532
344265102
344346642
344501252
345120646
345514566
345665336
346133253
346214023
346446333
350301163
350452633
350533423
350614243
351001320
351233630
351620550
352246244
352320014
352552324
353101011
353252561
353565631
353646401
354114325
354265165
354420405
355046162
355433012
355514552
356052406
356133246
356365556
360220316
360301156
360533466
361152153
361314433
361546003
361620543
362165460
362246230
362401540
363020234
363414154
363565624
364033541
364114311
364346621
365046155
365352235
365433005
365665315
366052462
366214002
366601622
400012015
400244325
400631245
401250632
401331402
401563012
402112406
402344011
402506326
402650166
403125013
403206553
403431163
404050550
404212130
404444400
404525240
405063164
405144634
405225424
405306244
406312551
406463321
406625631
410012031
410163541
410550461
410631231
411106155
411250625
411412235
411644515
412031622
412425542
412506312
413044236
413125006
413350316
414363623
414444463
414606003
414606066
415063150
415225460
415612310
416231004
416312544
416544154
420012064
420406614
420550454
421025301
421106141
421331451
422344065
422425535
422650145
423044222
423206532
423663452
424212146
424363616
424525226
424606063
425144613
425531533
425612303
426150220
426231060
426463300
430325130
430406600
430631210
431025364
431250604
431644524
432263211
432344016
432344051
432506361
433125055
433350335
433512605
433663445
434131362
434212132
434444442
435063136
435450056
435531526
436006443
436150213
436312523
440244353
440325123
440550433
441106120
441563040
441644510
442112434
442263204
442425514
442506364
443044201
443431121
443512661
444050515
444131355
444363665
445306202
445450042
445612352
446006436
446150226
446231046
446625666
450163506
450244346
450406656
450631236
451025343
451412263
451563033
452031650
452112420
452344030
453350344
453431114
453663424
454050501
454212111
454363651
454606031
455225425
455306265
455531505
456150262
456544112
456625652
460012022
460163562
460325102
461331416
461412256
461644566
462031643
462263253
462425533
462650103
463206560
463350330
463431120
463512640
464131334
464525254
464606024
465144641
465225411
465450021
466006415
466463335
466544105
500036031
500261311
500423651
500504421
501042345
501123115
501355425
502361032
502442502
502604112
503061266
503223506
503223562
503610426
504236113
504310653
504542263
505161650
505555500
505636340
506104264
506255034
506336534
506410344
510342104
510423644
510655254
511042331
511204641
511661561
512210255
512361025
512523335
513142022
513223566
513536642
513610412
514155336
514236106
514461416
515010103
515404023
515555563
516023410
516104250
516336560
520261320
520342160
520504400
521123164
521510014
521661512
521661554
522136401
522210241
522442551
522604131
523061245
523455165
523536635
524004552
524155322
524310632
525323246
525404016
525636326
526023403
526255013
526642633
530110543
530261313
530423623
531042310
531123160
531436230
531510000
532055624
532136464
532361004
533304311
533455151
533610461
534004545
534236155
534623005
535242462
535323232
535404022
535555542
536104236
536561156
536642626
540036066
540110536
540342146
541355453
541436223
541661533
542055610
542210220
542604140
543223534
543304304
543536614
543610454
544155301
544542221
544623061
545161615
545242455
545404065
546023452
546255032
546410302
546561142
550036052
550261362
550655212
551042336
551204606
551355446
551510056
552055623
552136443
552523363
552604133
553142050
553223520
553455130
554004524
554461444
554542214
555010131
555161601
555323211
556336525
556410365
556642605
560110515
560504435
560655205
561123122
561204662
561436202
561661514
562055666
562442516
562523356
563061203
563142043
563304353
563536633
564310660
564461430
564542220
564623040
565010124
565242434
565636354
566255041
566336511
566561121
600215364
600366134
600521444
601140131
601534051
601615521
602153445
602234215
602466525
602540362
603015212
603402132
603553602
604021526
604102366
604334606
605340213
605421053
605653363
606040440
606202050
606666600
610134510
610215315
610215350
610440660
611066354
611221634
611453204
611534044
612002661
612153431
612315041
613321355
613402125
613634435
614021512
614253122
614640042
615266436
615340206
615502516
616121203
616515123
616666663
620053033
620134503
620366113
620440663
621302420
621453260
621615500
622002654
622234264
622621114
623240501
623321341
623553651
624021525
624102345
624566265
624640035
625115652
625266422
625421032
626040426
626434346
626515116
630053026
630215336
630602256
631221643
631302413
631534023
632153410
632234250
632540330
632621100
633166024
633240564
633402104
634021561
634415411
634566251
635034105
635115645
635340255
635502535
636353562
636434332
636666642
640134552
640366132
640521402
640602242
641140166
641221636
641302426
641453246
642002633
642466553
642540323
643015240
643166010
643321320
644334634
644415404
644640014
645034161
645266401
645653321
646202015
646353555
646515165
650053005
650215310
650440625
650521465
651066312
651140152
651302462
652153436
652315006
652466546
652621156
653015233
653166023
653240543
653634463
654253150
654334620
654566230
655115624
655502544
655653314
656121231
656202001
656434311
660366141
660440611
660602221
661066305
661221615
661615535
662234222
662315062
662540302
662540365
663166066
663553616
663634456
664102303
664253143
664415453
665034140
665421060
665502530
665653330
666040454
666121224
666353534
666515114
