650215310
254403410
055132610
463431120
564542220
261216620
303101030
404212130
665653330
000545430
202060630
632234250
531123160
335352260
236035460
402344011
006532111
500261311
013345321
215560521
316601621
410012031
522604131
024126331
125230431
226341531
454363651
051164161
353252561
150411661
322320012
224403412
521661512
535404022
030626222
131030322
546255032
640366132
041400232
232141432
344033532
206422352
105311262
602540362
503223562
046532113
343020213
144456413
653166023
350533423
552055623
054200133
166162233
361314433
462425533
563536633
021551053
424606063
325352263
620440663
666515114
561661514
165156614
102662124
304114324
405225424
113443134
214554234
315665334
506336534
611221634
543610454
442506364
246035464
140411664
313020215
610215315
411644515
126243025
220354125
624021525
130024035
321465235
433350335
635502535
036613635
365046155
264635065
061164165
662540365
432344016
233003216
135156616
446150226
641302426
042413526
255416036
450631236
551042336
652153436
143524636
110105556
414606066
016064466
513223566
