212010
212101
101220
102211
022120
210002
201102
001221
112221
100012
122102
002111
220222
110200
020101
200210
002202
221200
111122
112122
012202
000122
000211
020210
012010
201010
220011
000000
211120
101222
002212
122221
110122
010112
010121
221121
121110
100121
100112
022001
021012
200201
011100
211212
101001
110111
122002
210220
111212
122211
012222
120020
010021
001220
121001
021022
222112
202021
211211
200110
021002
222200
020201
001111
211020
220100
111001
112010
011211
102100
120202
202020
202022
