10101011111
11111111001
00100010001
10010101010
01000110110
10011010000
10100000111
01101010001
01010010011
00110110111
00101000000
11011101110
00110100100
11101101011
11011101100
01111001000
00001110011
01000001010
11011000001
11111100000
10011111100
11001010110
10011010111
11011011101
10011100111
11100000100
01100000011
10011000110
01100001001
00001010001
11100101000
00010000011
11111011010
11001100101
00010110010
01011110101
00100001100
10111101100
10010110001
01000010101
01010100000
11011111110
10100010001
10000110111
10100110100
00110011010
10001111001
00111111011
00001011010
00100111110
10110010110
01000111001
00011101111
01110110001
10100101101
00000100101
10101110010
10001000100
01010011110
11111010100
01111100011
10101011000
10000010010
01100010010
10011001111
10110000000
01000000000
11000101100
10011101011
10011100010
01110111100
00011011001
11110010111
10111001001
11010111111
11100111101
10010000101
01101001110
00010010100
01111110110
01110000110
01100110011
10011111110
00101111101
01100011011
11001011011
11000001111
10000001001
01001000111
10110100011
00010001000
11000010001
00111110000
01011010010
11000010101
01001010001
10111010011
11111101110
00111000101
01011000100
01001101001
01110101010
11101000010
11000100011
01111011111
11001001000
00000010001
00110101001
11001101110
11000111010
00000111000
10110011101
01010001101
11011110011
11100010001
10101000100
10111110101
00011100110
00100100010
11110110010
10101101110
11010011000
01001111111
01000101100
01010111011
00011000010
11100100110
00011010111
01100110000
01110000001
00111010011
10101100001
01100011000
00000101011
01100010101
01011111000
11101001101
10000011100
11100011110
01110010000
00010101110
00101100111
00101010110
01101111010
00010111101
10001111101
11010000010
10011101100
11101110111
00101001011
10010001110
11111000111
11101010001
11101111100
10011001010
10010011011
10111111110
00000000110
01110011001
10100111011
10010101111
00111000010
10001010101
00100010101
01101100100
10110111000
01101010101
10001000011
10111101110
01001100010
11001110000
11110001100
01001011100
00000011111
00111011100
10010100110
00011101010
11010101001
11010000110
00001101000
10000100000
01010100111
00001110100
10001101110
00101111001
11010110100
00101101000
11110111111
01100100001
00001001101
00011100001
10100001010
01111101101
01011001011
00011001110
11110001011
00110001111
11110100101
10001111110
01100101111
