021110
220022
210022
110110
002001
110021
212011
220211
112020
010000
201010
020102
201111
110002
221112
020010
121200
221001
112101
120121
212202
021001
201000
110222
012210
111211
000120
122111
100011
222220
011100
121020
102200
201210
120200
021222
102020
200022
202112
122212
210201
100200
211121
022201
000212
010111
121001
210202
211202
102221
101102
101112
012122
022021
200101
202221
122112
011012
210110
222100
010220
021221
002221
002110
111020
001201
201220
001021
122012
222000
222120
002002
101122
