0 0 0 0
0 1 1 2
0 2 2 3
0 3 3 1
1 0 1 1
1 1 0 3
1 2 3 2
1 3 2 0
2 0 2 2
2 1 3 0
2 2 0 1
2 3 1 3
3 0 3 3
3 1 2 1
3 2 1 0
3 3 0 2
4 4 4 4
4 5 5 6
4 6 6 7
4 7 7 5
5 4 5 5
5 5 4 7
5 6 7 6
5 7 6 4
6 4 6 6
6 5 7 4
6 6 4 5
6 7 5 7
7 4 7 7
7 5 6 5
7 6 5 4
7 7 4 6
8 8 8 8
8 9 9 10
8 10 10 12
8 11 11 9
8 12 12 11
9 8 9 9
9 9 10 11
9 10 11 8
9 11 12 10
9 12 8 12
10 8 10 10
10 9 11 12
10 10 12 9
10 11 8 11
10 12 9 8
11 8 11 11
11 9 12 8
11 10 8 10
11 11 9 12
11 12 10 9
12 8 12 12
12 9 8 9
12 10 9 11
12 11 10 8
12 12 11 10
