0 0 0 0
0 1 1 2
0 2 2 3
0 3 3 1
1 0 1 1
1 1 0 3
1 2 3 2
1 3 2 0
2 0 2 2
2 1 3 0
2 2 0 1
2 3 1 3
3 0 3 3
3 1 2 1
3 2 1 0
3 3 0 2
4 4 4 4
4 5 5 6
4 6 6 8
4 7 7 5
4 8 8 7
5 4 5 5
5 5 6 7
5 6 7 4
5 7 8 6
5 8 4 8
6 4 6 6
6 5 7 8
6 6 8 5
6 7 4 7
6 8 5 4
7 4 7 7
7 5 8 4
7 6 4 6
7 7 5 8
7 8 6 5
8 4 8 8
8 5 4 5
8 6 5 7
8 7 6 4
8 8 7 6
9 9 9 9
9 10 10 11
9 11 11 13
9 12 12 10
9 13 13 12
10 9 10 10
10 10 11 12
10 11 12 9
10 12 13 11
10 13 9 13
11 9 11 11
11 10 12 13
11 11 13 10
11 12 9 12
11 13 10 9
12 9 12 12
12 10 13 9
12 11 9 11
12 12 10 13
12 13 11 10
13 9 13 13
13 10 9 10
13 11 10 12
13 12 11 9
13 13 12 11
