0 0 0
1 1 0
2 2 0
3 3 0
4 4 0
5 5 0
6 6 0
0 1 1
1 2 1
2 3 1
3 4 1
4 5 1
5 6 1
6 0 1
0 2 2
1 3 2
2 4 2
3 5 2
4 6 2
5 0 2
6 1 2
0 3 3
1 4 3
2 5 3
3 6 3
4 0 3
5 1 3
6 2 3
0 4 4
1 5 4
2 6 4
3 0 4
4 1 4
5 2 4
6 3 4
0 5 5
1 6 5
2 0 5
3 1 5
4 2 5
5 3 5
6 4 5
0 6 6
1 0 6
2 1 6
3 2 6
4 3 6
5 4 6
6 5 6
7 7 7
8 8 7
9 9 7
10 10 7
11 11 7
12 12 7
13 13 7
14 14 7
7 8 8
8 9 8
9 10 8
10 11 8
11 12 8
12 13 8
13 14 8
14 7 8
7 9 9
8 10 9
9 11 9
10 12 9
11 13 9
12 14 9
13 7 9
14 8 9
7 10 10
8 11 10
9 12 10
10 13 10
11 14 10
12 7 10
13 8 10
14 9 10
7 11 11
8 12 11
9 13 11
10 14 11
11 7 11
12 8 11
13 9 11
14 10 11
7 12 12
8 13 12
9 14 12
10 7 12
11 8 12
12 9 12
13 10 12
14 11 12
7 13 13
8 14 13
9 7 13
10 8 13
11 9 13
12 10 13
13 11 13
14 12 13
7 14 14
8 7 14
9 8 14
10 9 14
11 10 14
12 11 14
13 12 14
14 13 14
