0 0 0
1 1 0
2 2 0
3 3 0
4 4 0
5 5 0
6 6 0
7 7 0
0 1 1
1 2 1
2 3 1
3 4 1
4 5 1
5 6 1
6 7 1
7 0 1
0 2 2
1 3 2
2 4 2
3 5 2
4 6 2
5 7 2
6 0 2
7 1 2
0 3 3
1 4 3
2 5 3
3 6 3
4 7 3
5 0 3
6 1 3
7 2 3
0 4 4
1 5 4
2 6 4
3 7 4
4 0 4
5 1 4
6 2 4
7 3 4
0 5 5
1 6 5
2 7 5
3 0 5
4 1 5
5 2 5
6 3 5
7 4 5
0 6 6
1 7 6
2 0 6
3 1 6
4 2 6
5 3 6
6 4 6
7 5 6
0 7 7
1 0 7
2 1 7
3 2 7
4 3 7
5 4 7
6 5 7
7 6 7
8 8 8
9 9 8
10 10 8
11 11 8
12 12 8
13 13 8
14 14 8
15 15 8
16 16 8
8 9 9
9 10 9
10 11 9
11 12 9
12 13 9
13 14 9
14 15 9
15 16 9
16 8 9
8 10 10
9 11 10
10 12 10
11 13 10
12 14 10
13 15 10
14 16 10
15 8 10
16 9 10
8 11 11
9 12 11
10 13 11
11 14 11
12 15 11
13 16 11
14 8 11
15 9 11
16 10 11
8 12 12
9 13 12
10 14 12
11 15 12
12 16 12
13 8 12
14 9 12
15 10 12
16 11 12
8 13 13
9 14 13
10 15 13
11 16 13
12 8 13
13 9 13
14 10 13
15 11 13
16 12 13
8 14 14
9 15 14
10 16 14
11 8 14
12 9 14
13 10 14
14 11 14
15 12 14
16 13 14
8 15 15
9 16 15
10 8 15
11 9 15
12 10 15
13 11 15
14 12 15
15 13 15
16 14 15
8 16 16
9 8 16
10 9 16
11 10 16
12 11 16
13 12 16
14 13 16
15 14 16
16 15 16
