0 0 0 0
0 1 1 2
0 2 2 4
0 3 3 1
0 4 4 3
1 0 1 1
1 1 2 3
1 2 3 0
1 3 4 2
1 4 0 4
2 0 2 2
2 1 3 4
2 2 4 1
2 3 0 3
2 4 1 0
3 0 3 3
3 1 4 0
3 2 0 2
3 3 1 4
3 4 2 1
4 0 4 4
4 1 0 1
4 2 1 3
4 3 2 0
4 4 3 2
5 5 5 5
5 6 6 7
5 7 7 9
5 8 8 6
5 9 9 8
6 5 6 6
6 6 7 8
6 7 8 5
6 8 9 7
6 9 5 9
7 5 7 7
7 6 8 9
7 7 9 6
7 8 5 8
7 9 6 5
8 5 8 8
8 6 9 5
8 7 5 7
8 8 6 9
8 9 7 6
9 5 9 9
9 6 5 6
9 7 6 8
9 8 7 5
9 9 8 7
10 10 10 10
10 11 11 12
10 12 12 14
10 13 13 16
10 14 14 11
10 15 15 13
10 16 16 15
11 10 11 11
11 11 12 13
11 12 13 15
11 13 14 10
11 14 15 12
11 15 16 14
11 16 10 16
12 10 12 12
12 11 13 14
12 12 14 16
12 13 15 11
12 14 16 13
12 15 10 15
12 16 11 10
13 10 13 13
13 11 14 15
13 12 15 10
13 13 16 12
13 14 10 14
13 15 11 16
13 16 12 11
14 10 14 14
14 11 15 16
14 12 16 11
14 13 10 13
14 14 11 15
14 15 12 10
14 16 13 12
15 10 15 15
15 11 16 10
15 12 10 12
15 13 11 14
15 14 12 16
15 15 13 11
15 16 14 13
16 10 16 16
16 11 10 11
16 12 11 13
16 13 12 15
16 14 13 10
16 15 14 12
16 16 15 14
