0 0 0
1 1 0
2 2 0
3 3 0
4 4 0
5 5 0
6 6 0
7 7 0
8 8 0
0 1 1
1 2 1
2 3 1
3 4 1
4 5 1
5 6 1
6 7 1
7 8 1
8 0 1
0 2 2
1 3 2
2 4 2
3 5 2
4 6 2
5 7 2
6 8 2
7 0 2
8 1 2
0 3 3
1 4 3
2 5 3
3 6 3
4 7 3
5 8 3
6 0 3
7 1 3
8 2 3
0 4 4
1 5 4
2 6 4
3 7 4
4 8 4
5 0 4
6 1 4
7 2 4
8 3 4
0 5 5
1 6 5
2 7 5
3 8 5
4 0 5
5 1 5
6 2 5
7 3 5
8 4 5
0 6 6
1 7 6
2 8 6
3 0 6
4 1 6
5 2 6
6 3 6
7 4 6
8 5 6
0 7 7
1 8 7
2 0 7
3 1 7
4 2 7
5 3 7
6 4 7
7 5 7
8 6 7
0 8 8
1 0 8
2 1 8
3 2 8
4 3 8
5 4 8
6 5 8
7 6 8
8 7 8
9 9 9
10 10 9
11 11 9
12 12 9
13 13 9
14 14 9
15 15 9
16 16 9
17 17 9
9 10 10
10 11 10
11 12 10
12 13 10
13 14 10
14 15 10
15 16 10
16 17 10
17 9 10
9 11 11
10 12 11
11 13 11
12 14 11
13 15 11
14 16 11
15 17 11
16 9 11
17 10 11
9 12 12
10 13 12
11 14 12
12 15 12
13 16 12
14 17 12
15 9 12
16 10 12
17 11 12
9 13 13
10 14 13
11 15 13
12 16 13
13 17 13
14 9 13
15 10 13
16 11 13
17 12 13
9 14 14
10 15 14
11 16 14
12 17 14
13 9 14
14 10 14
15 11 14
16 12 14
17 13 14
9 15 15
10 16 15
11 17 15
12 9 15
13 10 15
14 11 15
15 12 15
16 13 15
17 14 15
9 16 16
10 17 16
11 9 16
12 10 16
13 11 16
14 12 16
15 13 16
16 14 16
17 15 16
9 17 17
10 9 17
11 10 17
12 11 17
13 12 17
14 13 17
15 14 17
16 15 17
17 16 17
