0 0 0 0
0 1 1 2
0 2 2 4
0 3 3 1
0 4 4 3
1 0 1 1
1 1 2 3
1 2 3 0
1 3 4 2
1 4 0 4
2 0 2 2
2 1 3 4
2 2 4 1
2 3 0 3
2 4 1 0
3 0 3 3
3 1 4 0
3 2 0 2
3 3 1 4
3 4 2 1
4 0 4 4
4 1 0 1
4 2 1 3
4 3 2 0
4 4 3 2
10 10 10 5
9 6 8 9
5 6 9 5
7 8 10 9
10 5 5 7
9 8 9 6
8 10 7 8
9 5 10 10
6 10 6 6
7 6 7 7
10 7 9 9
9 10 6 7
5 8 8 8
6 10 9 7
10 8 7 10
8 7 8 7
8 8 5 5
9 9 5 8
5 7 6 10
9 7 7 5
7 10 8 10
7 5 9 8
6 9 7 9
8 9 9 10
7 9 6 5
5 10 5 9
7 7 5 6
10 6 6 8
8 6 10 6
6 8 6 7
5 5 7 6
6 5 8 5
10 9 8 6
8 5 6 9
6 6 5 10
6 7 10 8
5 9 10 7
11 11 11 11
11 12 12 13
11 13 13 15
11 14 14 17
11 15 15 12
11 16 16 14
11 17 17 16
12 11 12 12
12 12 13 14
12 13 14 16
12 14 15 11
12 15 16 13
12 16 17 15
12 17 11 17
13 11 13 13
13 12 14 15
13 13 15 17
13 14 16 12
13 15 17 14
13 16 11 16
13 17 12 11
14 11 14 14
14 12 15 16
14 13 16 11
14 14 17 13
14 15 11 15
14 16 12 17
14 17 13 12
15 11 15 15
15 12 16 17
15 13 17 12
15 14 11 14
15 15 12 16
15 16 13 11
15 17 14 13
16 11 16 16
16 12 17 11
16 13 11 13
16 14 12 15
16 15 13 17
16 16 14 12
16 17 15 14
17 11 17 17
17 12 11 12
17 13 12 14
17 14 13 16
17 15 14 11
17 16 15 13
17 17 16 15
