0 0 0 0
0 1 1 2
0 2 2 4
0 3 3 1
0 4 4 3
1 0 1 1
1 1 2 3
1 2 3 0
1 3 4 2
1 4 0 4
2 0 2 2
2 1 3 4
2 2 4 1
2 3 0 3
2 4 1 0
3 0 3 3
3 1 4 0
3 2 0 2
3 3 1 4
3 4 2 1
4 0 4 4
4 1 0 1
4 2 1 3
4 3 2 0
4 4 3 2
5 5 5 5
5 6 6 7
5 7 7 9
5 8 8 11
5 9 9 6
5 10 10 8
5 11 11 10
6 5 6 6
6 6 7 8
6 7 8 10
6 8 9 5
6 9 10 7
6 10 11 9
6 11 5 11
7 5 7 7
7 6 8 9
7 7 9 11
7 8 10 6
7 9 11 8
7 10 5 10
7 11 6 5
8 5 8 8
8 6 9 10
8 7 10 5
8 8 11 7
8 9 5 9
8 10 6 11
8 11 7 6
9 5 9 9
9 6 10 11
9 7 11 6
9 8 5 8
9 9 6 10
9 10 7 5
9 11 8 7
10 5 10 10
10 6 11 5
10 7 5 7
10 8 6 9
10 9 7 11
10 10 8 6
10 11 9 8
11 5 11 11
11 6 5 6
11 7 6 8
11 8 7 10
11 9 8 5
11 10 9 7
11 11 10 9
12 12 12 12
12 13 13 14
12 14 14 16
12 15 15 18
12 16 16 13
12 17 17 15
12 18 18 17
13 12 13 13
13 13 14 15
13 14 15 17
13 15 16 12
13 16 17 14
13 17 18 16
13 18 12 18
14 12 14 14
14 13 15 16
14 14 16 18
14 15 17 13
14 16 18 15
14 17 12 17
14 18 13 12
15 12 15 15
15 13 16 17
15 14 17 12
15 15 18 14
15 16 12 16
15 17 13 18
15 18 14 13
16 12 16 16
16 13 17 18
16 14 18 13
16 15 12 15
16 16 13 17
16 17 14 12
16 18 15 14
17 12 17 17
17 13 18 12
17 14 12 14
17 15 13 16
17 16 14 18
17 17 15 13
17 18 16 15
18 12 18 18
18 13 12 13
18 14 13 15
18 15 14 17
18 16 15 12
18 17 16 14
18 18 17 16
