5 5 5 0
4 1 3 4
0 1 4 0
2 3 5 4
5 0 0 2
4 3 4 1
3 5 2 3
4 0 5 5
1 5 1 1
2 1 2 2
5 2 4 4
4 5 1 2
0 3 3 3
1 5 4 2
5 3 2 5
3 2 3 2
3 3 0 0
4 4 0 3
0 2 1 5
4 2 2 0
2 5 3 5
2 0 4 3
1 4 2 4
3 4 4 5
2 4 1 0
0 5 0 4
2 2 0 1
5 1 1 3
3 1 5 1
1 3 1 2
0 0 2 1
1 0 3 0
5 4 3 1
3 0 1 4
1 1 0 5
1 2 5 3
0 4 5 2
6 6 6 6
6 7 7 8
6 8 8 10
6 9 9 12
6 10 10 7
6 11 11 9
6 12 12 11
7 6 7 7
7 7 8 9
7 8 9 11
7 9 10 6
7 10 11 8
7 11 12 10
7 12 6 12
8 6 8 8
8 7 9 10
8 8 10 12
8 9 11 7
8 10 12 9
8 11 6 11
8 12 7 6
9 6 9 9
9 7 10 11
9 8 11 6
9 9 12 8
9 10 6 10
9 11 7 12
9 12 8 7
10 6 10 10
10 7 11 12
10 8 12 7
10 9 6 9
10 10 7 11
10 11 8 6
10 12 9 8
11 6 11 11
11 7 12 6
11 8 6 8
11 9 7 10
11 10 8 12
11 11 9 7
11 12 10 9
12 6 12 12
12 7 6 7
12 8 7 9
12 9 8 11
12 10 9 6
12 11 10 8
12 12 11 10
13 13 13 13
13 14 14 15
13 15 15 17
13 16 16 19
13 17 17 14
13 18 18 16
13 19 19 18
14 13 14 14
14 14 15 16
14 15 16 18
14 16 17 13
14 17 18 15
14 18 19 17
14 19 13 19
15 13 15 15
15 14 16 17
15 15 17 19
15 16 18 14
15 17 19 16
15 18 13 18
15 19 14 13
16 13 16 16
16 14 17 18
16 15 18 13
16 16 19 15
16 17 13 17
16 18 14 19
16 19 15 14
17 13 17 17
17 14 18 19
17 15 19 14
17 16 13 16
17 17 14 18
17 18 15 13
17 19 16 15
18 13 18 18
18 14 19 13
18 15 13 15
18 16 14 17
18 17 15 19
18 18 16 14
18 19 17 16
19 13 19 19
19 14 13 14
19 15 14 16
19 16 15 18
19 17 16 13
19 18 17 15
19 19 18 17
