0 0 0 0
0 1 1 2
0 2 2 4
0 3 3 6
0 4 4 1
0 5 5 3
0 6 6 5
1 0 1 1
1 1 2 3
1 2 3 5
1 3 4 0
1 4 5 2
1 5 6 4
1 6 0 6
2 0 2 2
2 1 3 4
2 2 4 6
2 3 5 1
2 4 6 3
2 5 0 5
2 6 1 0
3 0 3 3
3 1 4 5
3 2 5 0
3 3 6 2
3 4 0 4
3 5 1 6
3 6 2 1
4 0 4 4
4 1 5 6
4 2 6 1
4 3 0 3
4 4 1 5
4 5 2 0
4 6 3 2
5 0 5 5
5 1 6 0
5 2 0 2
5 3 1 4
5 4 2 6
5 5 3 1
5 6 4 3
6 0 6 6
6 1 0 1
6 2 1 3
6 3 2 5
6 4 3 0
6 5 4 2
6 6 5 4
7 7 7 7
7 8 8 9
7 9 9 11
7 10 10 13
7 11 11 8
7 12 12 10
7 13 13 12
8 7 8 8
8 8 9 10
8 9 10 12
8 10 11 7
8 11 12 9
8 12 13 11
8 13 7 13
9 7 9 9
9 8 10 11
9 9 11 13
9 10 12 8
9 11 13 10
9 12 7 12
9 13 8 7
10 7 10 10
10 8 11 12
10 9 12 7
10 10 13 9
10 11 7 11
10 12 8 13
10 13 9 8
11 7 11 11
11 8 12 13
11 9 13 8
11 10 7 10
11 11 8 12
11 12 9 7
11 13 10 9
12 7 12 12
12 8 13 7
12 9 7 9
12 10 8 11
12 11 9 13
12 12 10 8
12 13 11 10
13 7 13 13
13 8 7 8
13 9 8 10
13 10 9 12
13 11 10 7
13 12 11 9
13 13 12 11
14 14 14 14
14 15 15 16
14 16 16 18
14 17 17 20
14 18 18 15
14 19 19 17
14 20 20 19
15 14 15 15
15 15 16 17
15 16 17 19
15 17 18 14
15 18 19 16
15 19 20 18
15 20 14 20
16 14 16 16
16 15 17 18
16 16 18 20
16 17 19 15
16 18 20 17
16 19 14 19
16 20 15 14
17 14 17 17
17 15 18 19
17 16 19 14
17 17 20 16
17 18 14 18
17 19 15 20
17 20 16 15
18 14 18 18
18 15 19 20
18 16 20 15
18 17 14 17
18 18 15 19
18 19 16 14
18 20 17 16
19 14 19 19
19 15 20 14
19 16 14 16
19 17 15 18
19 18 16 20
19 19 17 15
19 20 18 17
20 14 20 20
20 15 14 15
20 16 15 17
20 17 16 19
20 18 17 14
20 19 18 16
20 20 19 18
