01000100001
10111000011
01001110010
01000001010
10111111000
01110000011
10101001010
10001100000
01001011110
01011111000
10010011100
01001100100
01011100111
11001110001
11011101100
01101101000
01010010110
10011111111
01101100011
11100001011
01101000110
01010100010
00010010000
10100111111
10011010001
00011000110
10111011110
01101010000
10001011011
11011001011
01111001010
01101011011
11001001111
11101111010
11110010101
10100101100
11001000010
01000111011
00100010011
10101100110
00010110011
00000100110
00111001001
11011101110
10001010110
10100000000
01110101001
10110001101
00010000101
11101001100
00011100001
10101011101
00111101100
11001011000
10000111010
00000011111
10010111001
01001001001
00001101010
01000111100
00001001100
11011101011
10110100001
10010100100
11110101111
00110010001
01100010100
10100010100
00010001011
01011000000
11111111111
11110111100
00111100010
11101010111
00000010001
01110011111
00110010010
10000001110
00101111110
10000110101
00000011000
00111111011
01011111111
10111000100
00101100101
10101010000
10010010111
00000110000
00011011101
01110111010
01100001101
00110001110
10011110010
00101010100
11011101010
11010011010
10110011011
01111110001
00001111001
01111110110
00010111110
10010000010
11010100111
01010101111
11111010010
10011001000
01111101111
11100011110
01100110111
00000101101
00001000011
00100000100
00010101000
11100010000
01100010000
00001110111
00110110000
10001111100
11011001111
11100111001
11101000001
11000110110
11111100000
11011010100
11011001101
11001101011
11010111111
11111011001
00100011001
11101110100
10100010000
01101111101
00011101111
11111100111
01010110101
10111101111
01010001100
11000101000
01000000111
11010110000
01100101110
11001101111
01110100100
10000001001
00110011000
11110000110
11011110111
10001000101
10110110110
01011010011
11011101101
10101101001
10110101010
00110111101
11011001110
11000010011
01111011100
00111010111
11110110011
00011110100
10101110011
01001010101
00100101011
00101001111
10011100111
11011101001
01010011001
00101010000
10000100011
00100110001
00100000000
00100111000
11100100010
00110100111
01111000101
00100011010
00000010010
11001101101
11010000001
11110001000
11000011101
11000000100
01100000000
00101000000
10010101111
00100110010
11001101110
11100100101
10111110101
00100010100
10100000111
00011011010
