1965 5321,4331,4421,6221,8111,8111 rc=20 18s
625 5321,5321,4331,6221,6311,8111 rc=20 21s
803 5321,5321,5411,5411,6221,8111 rc=20 24s
94 5321,5321,5321,4322,5411,6221 rc=20 24s
840 5321,5321,5411,6311,6311,6311 rc=20 25s
20 5321,5321,5321,5321,4322,8111 rc=20 26s
2574 5321,5411,5411,6221,6221,8111 rc=20 27s
975 5321,5321,7211,7211,8111,8111 rc=20 27s
734 5321,5321,4421,5411,8111,8111 rc=20 27s
907 5321,5321,6221,6311,3332,8111 rc=20 28s
1829 5321,4331,4331,6221,6221,5222 rc=20 32s
2788 5321,6221,6221,7211,7211,3332 rc=20 20s
2848 5321,6221,7211,7211,3332,8111 rc=20 23s
2921 5321,6311,7211,7211,8111,8111 rc=20 21s
2060 5321,4331,5411,6311,3332,5222 rc=20 47s
3254 4322,4322,4331,4331,6311,7211 rc=20 24s
2353 5321,4421,5411,5411,3332,3332 rc=20 51s
4016 4322,4331,5411,5411,6311,6311 rc=20 24s
3613 4322,4322,6221,6311,6311,6311 rc=20 24s
4021 4322,4331,5411,5411,7211,7211 rc=20 24s
3445 4322,4322,4421,5411,7211,8111 rc=20 26s
4116 4322,4331,6221,6311,7211,8111 rc=20 22s
3683 4322,4322,7211,7211,7211,7211 rc=20 27s
2617 5321,5411,5411,3332,3332,8111 rc=20 58s
1722 5321,4331,4331,4331,4331,3332 rc=20 69s
4559 4322,5411,5411,5411,6311,5222 rc=20 26s
4487 4322,4421,6311,6311,8111,8111 rc=20 27s
5031 4331,4331,4331,4331,6221,7211 rc=20 22s
4690 4322,5411,6311,6311,7211,5222 rc=20 24s
5224 4331,4331,4421,5411,7211,7211 rc=20 20s
4207 4322,4331,3332,8111,8111,8111 rc=20 32s
5091 4331,4331,4331,5411,5411,5222 rc=20 25s
4804 4322,6221,6221,3332,8111,8111 rc=20 27s
5301 4331,4331,5411,5411,6221,5222 rc=20 25s
4923 4322,6311,7211,7211,8111,8111 rc=20 29s
5565 4331,4421,4421,6221,6221,6311 rc=20 25s
3083 4322,4322,4322,4331,6221,6311 rc=20 65s
5923 4331,5411,6221,6221,6311,5222 rc=20 21s
5984 4331,5411,6311,6311,8111,8111 rc=20 24s
6361 4421,4421,4421,6221,6221,8111 rc=20 21s
6110 4331,6221,6311,6311,8111,8111 rc=20 25s
6333 4421,4421,4421,5411,5411,5222 rc=20 24s
5612 4331,4421,4421,3332,3332,8111 rc=20 35s
6292 4421,4421,4421,4421,4421,4421 rc=20 28s
4566 4322,5411,5411,5411,3332,5222 rc=20 55s
6417 4421,4421,5411,5411,5411,5222 rc=20 25s
6595 4421,4421,7211,7211,5222,8111 rc=20 24s
6674 4421,5411,5411,6311,6311,5222 rc=20 25s
4192 4322,4331,7211,3332,5222,8111 rc=20 71s
7242 5411,5411,6311,7211,7211,8111 rc=20 16s
7298 5411,6221,6221,6221,6221,5222 rc=20 18s
7330 5411,6221,6221,7211,7211,7211 rc=20 17s
7806 6311,6311,6311,6311,7211,8111 rc=20 16s
6690 4421,5411,5411,7211,3332,3332 rc=20 41s
6900 4421,6221,6311,6311,5222,5222 rc=20 37s
7612 6221,6221,6311,6311,3332,5222 rc=20 24s
7045 4421,7211,7211,5222,5222,8111 rc=20 39s
661 5321,5321,4331,3332,3332,3332 rc=20 307s
6152 4331,6221,3332,3332,3332,5222 rc=124 900s
7793 6221,5222,5222,5222,5222,8111 rc=124 900s
