321 3321,4221,4221,6111,6111,6111,6111 rc=20 970s
100 3321,3321,3321,4311,4311,6111,6111 rc=20 998s
113 3321,3321,3321,5211,5211,5211,6111 rc=20 999s
257 3321,4221,4221,4221,4221,4311,4311 rc=20 1035s
356 3321,4221,4311,6111,6111,6111,6111 rc=20 1074s
215 3321,3321,4311,4311,6111,6111,6111 rc=20 1077s
11 3321,3321,3321,3321,3321,4311,4311 rc=20 1158s
327 3321,4221,4311,4311,4311,5211,3222 rc=20 1216s
105 3321,3321,3321,4311,5211,3222,6111 rc=20 1262s
245 3321,3321,5211,6111,6111,6111,6111 rc=20 1286s
365 3321,4221,5211,5211,3222,6111,6111 rc=20 1368s
82 3321,3321,3321,4221,5211,5211,3222 rc=20 1709s
228 3321,3321,4311,3222,3222,6111,6111 rc=124 1800s
294 3321,4221,4221,4311,4311,3222,3222 rc=124 1800s
121 3321,3321,3321,3222,3222,3222,3222 rc=124 1800s
2 3321,3321,3321,3321,3321,3321,4311 rc=124 1800s
406 3321,4311,4311,5211,3222,6111,6111 rc=20 914s
502 4221,4221,4221,4311,4311,5211,3222 rc=20 901s
569 4221,4221,5211,5211,5211,5211,6111 rc=20 653s
460 3321,3222,6111,6111,6111,6111,6111 rc=20 1007s
525 4221,4221,4221,5211,3222,6111,6111 rc=20 884s
560 4221,4221,4311,5211,3222,6111,6111 rc=20 906s
600 4221,4311,4311,4311,5211,5211,6111 rc=20 522s
628 4221,4311,5211,5211,5211,6111,6111 rc=20 547s
586 4221,4221,3222,6111,6111,6111,6111 rc=20 678s
636 4221,4311,5211,3222,6111,6111,6111 rc=20 748s
748 4311,5211,6111,6111,6111,6111,6111 rc=20 577s
701 4311,4311,4311,5211,6111,6111,6111 rc=20 647s
385 3321,4311,4311,4311,4311,3222,3222 rc=124 1800s
430 3321,4311,3222,3222,3222,6111,6111 rc=124 1800s
451 3321,5211,3222,3222,3222,6111,6111 rc=124 1800s
769 5211,5211,5211,3222,6111,6111,6111 rc=20 637s
791 6111,6111,6111,6111,6111,6111,6111 rc=20 540s
514 4221,4221,4221,4311,3222,3222,6111 rc=124 1801s
524 4221,4221,4221,5211,3222,3222,6111 rc=124 1800s
615 4221,4311,4311,5211,3222,3222,6111 rc=124 1800s
662 4221,5211,3222,3222,6111,6111,6111 rc=124 1800s
695 4311,4311,4311,5211,5211,3222,3222 rc=124 1800s
763 5211,5211,5211,5211,3222,3222,6111 rc=124 1800s
786 3222,3222,3222,3222,3222,6111,6111 rc=124 1800s
