0001
0010
0100
1000
1111
2322
3233

0001
0010
0100
1000
1111
2222
3333

0001
0010
0100
1000
1111
2333
3222

0001
0010
0100
1000
1111
2233
3322

0012
0221
1000
1102
2120
2211
3333

0012
0211
1000
1102
2120
2221
3333

0111
0222
1000
1011
2122
2200
3333

0112
0221
1000
1012
2121
2200
3333

0011
0200
1000
1211
2100
2122
3333

0111
0200
1100
1211
2000
2022
3333

0011
0100
1000
1111
2200
2222
3333

0000
0211
1011
1200
2100
2122
3333

0121
0122
1011
1200
2000
2210
3333

0121
0122
1010
1201
2000
2210
3333

0121
0122
1010
1200
2000
2211
3333

0121
0122
1010
1200
2001
2210
3333

0211
0212
1020
1100
2000
2120
3333

0011
0012
1120
1200
2100
2220
3333

0111
0112
1020
1200
2000
2220
3333

0211
0212
1000
1120
2020
2100
3333

