0022
0034
0300
1224
1232
2400
2441
3111
3143
4000
4313

0021
0034
0300
1224
1231
2400
2442
3112
3143
4000
4313

0000
0044
0333
1424
1442
2113
2131
3011
3200
4222
4300

0000
0044
0333
1414
1442
2123
2131
3021
3200
4212
4300

0000
0044
0323
1434
1442
2113
2121
3011
3200
4232
4300

0010
0101
0322
1223
1232
1333
2000
2111
3011
3100
4444

0010
0101
0322
1223
1232
1333
2001
2110
3011
3100
4444

0000
0111
0233
1222
1323
1332
2010
2101
3011
3100
4444

0000
0111
0232
1223
1322
1333
2010
2101
3011
3100
4444

0010
0101
0233
1222
1323
1332
2000
2111
3011
3100
4444

0002
0030
0300
1111
1423
2211
2244
3123
3411
4000
4332

0000
0011
0044
1233
1400
2111
2322
3122
3311
4200
4433

0001
0010
0044
1233
1400
2111
2322
3122
3311
4200
4433

0002
0030
0100
1323
1411
2211
2244
3000
3132
4311
4423

0012
0030
0110
1323
1401
2201
2244
3010
3132
4301
4423

0012
0120
0201
1021
1102
1210
2000
2111
2222
3334
4443

0000
0122
0211
1012
1101
1220
2021
2110
2202
3334
4443

0010
0122
0201
1002
1111
1220
2021
2100
2212
3334
4443

0002
0120
0211
1021
1112
1200
2010
2101
2222
3334
4443

0021
0102
0210
1000
1111
1222
2012
2120
2201
3334
4443

0002
0101
0113
1003
1011
1112
2220
2330
3230
3320
4444

0002
0103
0111
1001
1013
1112
2220
2330
3230
3320
4444

0002
0011
0113
1003
1101
1112
2220
2330
3230
3320
4444

0002
0011
0103
1013
1101
1112
2220
2330
3230
3320
4444

0001
0013
0112
1002
1103
1111
2220
2330
3230
3320
4444

0002
0003
0004
1131
1241
2141
2230
3320
3410
4310
4420

0002
0003
0004
1131
1241
2140
2231
3320
3410
4310
4420

0002
0003
0004
1130
1240
2140
2230
3320
3411
4311
4421

0002
0003
0004
1130
1240
2140
2230
3321
3411
4310
4421

0002
0003
0004
1130
1240
2140
2230
3321
3411
4311
4420

0223
0322
0333
1232
1444
2001
2110
3010
3101
4000
4111

0223
0322
0333
1232
1444
2011
2100
3010
3101
4000
4111

0223
0322
0333
1232
1444
2011
2100
3000
3111
4010
4101

0223
0322
0333
1232
1444
2001
2110
3000
3111
4010
4101

0223
0322
0333
1010
1101
2000
2111
3001
3110
4232
4444

0002
0011
0401
1143
1144
2001
2412
3220
3330
4230
4320

0002
0010
0400
1143
1144
2000
2412
3221
3331
4230
4321

0002
0010
0400
1143
1144
2000
2412
3220
3331
4231
4321

0002
0010
0400
1143
1144
2000
2412
3221
3331
4231
4320

0002
0010
0400
1143
1144
2000
2412
3221
3330
4231
4321

0002
0003
0004
1113
1431
2131
2411
3220
3342
4240
4320

0002
0003
0004
1111
1431
2131
2413
3220
3342
4240
4320

0002
0003
0004
1111
1433
2131
2411
3220
3342
4240
4320

0002
0003
0004
1111
1431
2133
2411
3220
3342
4240
4320

0002
0003
0004
1110
1430
2133
2410
3221
3342
4241
4321

0002
0003
0004
1140
1421
2120
2441
3230
3311
4210
4331

0002
0003
0004
1140
1421
2120
2440
3231
3311
4210
4331

0002
0003
0004
1140
1421
2120
2440
3230
3311
4211
4331

0002
0003
0004
1140
1420
2120
2440
3231
3311
4211
4331

0002
0003
0004
1140
1420
2121
2440
3231
3311
4210
4331

0013
0032
0100
1000
1112
1133
2221
2300
3200
3321
4444

0011
0032
0100
1000
1112
1131
2223
2300
3200
3323
4444

0000
0112
0131
1011
1032
1100
2223
2300
3200
3323
4444

0000
0112
0133
1013
1032
1100
2221
2300
3200
3321
4444

0000
0113
0121
1011
1023
1100
2200
2332
3232
3300
4444

0002
0403
0404
1042
1330
2032
2340
3111
3221
4120
4211

0001
0403
0404
1041
1330
2031
2340
3112
3222
4120
4212

0001
0403
0404
1041
1330
2031
2340
3112
3222
4122
4210

0002
0403
0404
1042
1330
2032
2340
3111
3221
4121
4210

0000
0403
0404
1040
1332
2030
2342
3111
3221
4122
4211

