00043
03223
10025
12532
21131
22112
34450
34504
45355
45400
51311
53244

00043
03223
10024
12532
21131
22112
34450
34504
45355
45400
51311
53245

00043
03223
10024
12532
21131
22112
34450
34505
45354
45400
51311
53245

00043
03223
10025
12532
21131
22112
34450
34505
45354
45400
51311
53244

00053
03223
10025
12532
21131
22112
34440
34505
45344
45400
51311
53254

00053
03223
10024
12532
21131
22112
34440
34505
45344
45400
51311
53255

00053
03223
10024
12532
21131
22112
34440
34504
45345
45400
51311
53255

00053
03223
10025
12532
21131
22112
34440
34504
45345
45400
51311
53254

00053
03223
10025
12532
21131
22112
34400
34544
45305
45440
51311
53254

00053
03223
10024
12532
21131
22112
34400
34544
45305
45440
51311
53255

